0 0 0.8904320986111112 0.07638888906249999 0.9259259263888888 0.21006944453125 0.9722222222222222 0.3923611109375 0.9907407402777778 0.5842013890625 0.9691358027777778 0.74913194453125 0.9120370375 0.957465278125 0.8040123458333333 0.957465278125 0.8101851847222222 1 0.7777777777777778 0.996527778125 0.11574074027777777 0.98177083359375 0.1111111111111111 0.9678819445312501 0.1111111111111111 0.9513888890625 0.09567901250000001 0.92447916640625 0.07716049444444445 0.90885416640625 0.06790123472222222 0.89322916640625 0.04783950555555555 0.878472221875 0.04629629583333334 0.8845486109375 0.06327160555555555 0.9079861109375 0.08641975277777778 0.9305555554687499 0.11265432083333332 0.9618055554687499 0.1481481486111111 0.9305555554687499 0.12962962916666665 0.90104166640625 0.09876543194444444 0.887152778125 0.07870370416666667 0.784722221875 0.05709876527777778 0.6796875 0.05092592638888888 0.64149305546875 0.04783950555555555 0.60850694453125 0.05092592638888888 0.5703125 0.05709876527777778 0.5407986109375 0.052469136111111106 0.5060763890625 0.06327160555555555 0.47743055546875 0.07098765416666666 0.45225694453125 0.07098765416666666 0.26996527812500004 0.12037037083333334 0.10850694453125001 0.18981481527777777 0 0.27006172777777776 0 0.8904320986111112
1 0.613715278125 0.9320987652777778 0.77604166640625 0.8796296291666668 0.8359375 0.8611111111111112 0.86197916640625 0.8410493833333333 0.879340278125 0.8287037041666666 0.879340278125 0.7299382722222223 0.8263888890625 0.7515432097222223 0.8203125 0.7407407402777778 0.81510416640625 0.7283950611111111 0.7482638890625 0.7700617277777777 0.61197916640625 0.8148148152777778 0.613715278125 0.9320987652777778
1 0.5954861109375 0.6049382722222223 0.68055555546875 0.5941358027777778 0.73697916640625 0.5833333333333334 0.879340278125 0.5910493833333333 0.8828125 0.4583333333333333 0.8133680554687499 0.4398148152777778 0.8055555554687499 0.4228395055555555 0.80208333359375 0.4043209875 0.801215278125 0.38117283888888887 0.745659721875 0.42129629583333333 0.668402778125 0.44907407361111107 0.589409721875 0.4645061722222222 0.5954861109375 0.6049382722222223
1 0.5859375 0.3765432097222222 0.63194444453125 0.38117283888888887 0.6623263890625 0.37962962916666665 0.676215278125 0.39969135833333336 0.71875 0.39351851805555554 0.77430555546875 0.38425925972222225 0.8689236109375 0.3734567902777778 0.8611111109375 0.25771605 0.792534721875 0.2515432097222222 0.62586805546875 0.22839506111111113 0.60243055546875 0.24228395 0.5703125 0.24691358055555557 0.56944444453125 0.25308641944444443 0.574652778125 0.3580246916666667 0.5859375 0.3765432097222222
1 0.543402778125 0.2438271611111111 0.63194444453125 0.23302469166666667 0.676215278125 0.2222222222222222 0.6701388890625 0.19907407361111112 0.66319444453125 0.15123456805555557 0.6467013890625 0.10339506111111112 0.64756944453125 0.0725308638888889 0.6232638890625 0.06018518472222223 0.590277778125 0.05401234583333333 0.56510416640625 0.07098765416666666 0.5546875 0.08487654305555556 0.5529513890625 0.09259259305555556 0.546875 0.12037037083333334 0.5373263890625 0.08641975277777778 0.52256944453125 0.07407407361111111 0.50868055546875 0.07098765416666666 0.48958333359374995 0.06944444444444445 0.46961805546875 0.07407407361111111 0.44965277812500004 0.0879629625 0.4392361109375 0.10185185138888889 0.4435763890625 0.1311728388888889 0.44184027812500004 0.15740740694444444 0.43489583359374995 0.20061728333333334 0.43489583359374995 0.2561728388888889 0.48524305546875 0.2546296291666667 0.543402778125 0.2438271611111111
1 0.43229166640625005 0.18672839444444445 0.4392361109375 0.13734567916666668 0.44097222187499996 0.08487654305555556 0.3576388890625 0.10185185138888889 0.27864583359375 0.12654320972222222 0.23350694453125 0.1388888888888889 0.230034721875 0.18209876527777777 0.238715278125 0.22839506111111113 0.238715278125 0.2638888888888889 0.23524305546875 0.28858024722222225 0.2795138890625 0.2932098763888889 0.3029513890625 0.2793209875 0.32118055546875 0.26080246944444446 0.33072916640625 0.2222222222222222 0.33940972187499996 0.2546296291666667 0.35590277812500004 0.27006172777777776 0.375 0.2731481486111111 0.4045138890625 0.2623456791666667 0.4357638890625 0.24691358055555557 0.43055555546875 0.2222222222222222 0.43229166640625005 0.18672839444444445
1 0.07899305546874999 0.6188271611111111 0.08767361093750001 0.6358024694444444 0.089409721875 0.6743827166666667 0.121527778125 0.6481481486111111 0.17100694453125 0.6388888888888888 0.25434027812500004 0.6327160500000001 0.245659721875 0.49537037083333335 0.125 0.49228394999999997 0.0407986109375 0.4691358027777778 0.032118055468750004 0.5879629625 0.07899305546874999 0.6188271611111111
1 0.0546875 0.6851851847222222 0.044270833593749996 0.6728395055555555 0.036458333593749996 0.6697530861111111 0.032118055468750004 0.6929012347222222 0.0329861109375 0.7206790124999999 0.044270833593749996 0.75 0.065972221875 0.7546296291666668 0.06770833359375 0.7453703708333332 0.06510416640625 0.7160493833333333 0.0546875 0.6851851847222222
1 0.05555555546875 0.7746913583333334 0.046006944531249996 0.7777777777777778 0.058159721875 0.8950617277777777 0.065972221875 0.9104938277777778 0.06336805546874999 0.9228395055555555 0.09375 0.9135802472222222 0.09201388906249999 0.898148148611111 0.082465278125 0.8040123458333333 0.051215278125 0.7530864194444444 0.05555555546875 0.7746913583333334
1 0.043402778125 0.6558641972222222 0.058159721875 0.6990740736111111 0.073784721875 0.7037037041666667 0.07899305546874999 0.6728395055555555 0.074652778125 0.6327160500000001 0.06163194453125 0.6157407402777777 0.0546875 0.6157407402777777 0.039930555468750004 0.6157407402777777 0.043402778125 0.6558641972222222
1 0.06770833359375 0.24228395 0.05989583359375 0.23765432083333332 0.05989583359375 0.2299382722222222 0.013888889062500001 0.2777777777777778 0.0095486109375 0.39351851805555554 0.00868055546875 0.47685185138888886 0.034722221875 0.47685185138888886 0.0451388890625 0.46296296249999996 0.058159721875 0.4706790125 0.059027778125 0.45370370416666667 0.07118055546874999 0.4444444444444444 0.089409721875 0.4521604944444445 0.10243055546874999 0.3595679013888889 0.098090278125 0.3379629625 0.098090278125 0.32561728333333334 0.090277778125 0.31327160555555555 0.09982638906249999 0.27006172777777776 0.097222221875 0.24074074027777778 0.08854166640625 0.20987654305555556 0.07638888906249999 0.23148148194444443 0.06770833359375 0.24228395
1 0.09201388906249999 0.31172839444444445 0.10069444453125001 0.32716049444444445 0.10677083359374999 0.3317901236111111 0.112847221875 0.35030864166666664 0.11197916640625001 0.37037037083333335 0.10677083359374999 0.39506172777777776 0.09461805546874999 0.4104938277777778 0.11024305546874999 0.4830246916666667 0.121527778125 0.49228394999999997 0.12847222187500001 0.47685185138888886 0.13975694453125 0.4722222222222222 0.15277777812499999 0.4783950611111111 0.15885416640625 0.49382716111111113 0.24305555546875 0.44135802500000004 0.238715278125 0.375 0.230902778125 0.15432098749999998 0.15364583359375 0.18518518472222223 0.15538194453125 0.20061728333333334 0.140625 0.22530864166666664 0.12760416640625 0.23302469166666667 0.11458333359374999 0.2222222222222222 0.09201388906249999 0.31172839444444445