0 0 0.8904320986111112 0.07638888906249999 0.9259259263888888 0.21006944453125 0.9722222222222222 0.3923611109375 0.9907407402777778 0.5842013890625 0.9691358027777778 0.74913194453125 0.9120370375 0.957465278125 0.8040123458333333 0.957465278125 0.8101851847222222 1 0.7777777777777778 0.996527778125 0.11574074027777777 0.98177083359375 0.1111111111111111 0.9678819445312501 0.1111111111111111 0.9513888890625 0.09567901250000001 0.92447916640625 0.07716049444444445 0.90885416640625 0.06790123472222222 0.89322916640625 0.04783950555555555 0.878472221875 0.04629629583333334 0.8845486109375 0.06327160555555555 0.9079861109375 0.08641975277777778 0.9305555554687499 0.11265432083333332 0.9618055554687499 0.1481481486111111 0.9305555554687499 0.12962962916666665 0.90104166640625 0.09876543194444444 0.887152778125 0.07870370416666667 0.784722221875 0.05709876527777778 0.6796875 0.05092592638888888 0.64149305546875 0.04783950555555555 0.60850694453125 0.05092592638888888 0.5703125 0.05709876527777778 0.5407986109375 0.052469136111111106 0.5060763890625 0.06327160555555555 0.47743055546875 0.07098765416666666 0.45225694453125 0.07098765416666666 0.26996527812500004 0.12037037083333334 0.10850694453125001 0.18981481527777777 0 0.27006172777777776 0 0.8904320986111112
1 0.613715278125 0.9320987652777778 0.77604166640625 0.8796296291666668 0.8359375 0.8611111111111112 0.86197916640625 0.8410493833333333 0.879340278125 0.8287037041666666 0.879340278125 0.7299382722222223 0.8263888890625 0.7515432097222223 0.8203125 0.7407407402777778 0.81510416640625 0.7283950611111111 0.7482638890625 0.7700617277777777 0.61197916640625 0.8148148152777778 0.613715278125 0.9320987652777778
1 0.5954861109375 0.6049382722222223 0.68055555546875 0.5941358027777778 0.73697916640625 0.5833333333333334 0.879340278125 0.5910493833333333 0.8828125 0.4583333333333333 0.8133680554687499 0.4398148152777778 0.8055555554687499 0.4228395055555555 0.80208333359375 0.4043209875 0.801215278125 0.38117283888888887 0.745659721875 0.42129629583333333 0.668402778125 0.44907407361111107 0.589409721875 0.4645061722222222 0.5954861109375 0.6049382722222223
1 0.5859375 0.3765432097222222 0.63194444453125 0.38117283888888887 0.6623263890625 0.37962962916666665 0.676215278125 0.39969135833333336 0.71875 0.39351851805555554 0.7717013890625 0.3765432097222222 0.86979166640625 0.36574074027777775 0.8611111109375 0.25771605 0.792534721875 0.2515432097222222 0.62413194453125 0.23302469166666667 0.60243055546875 0.24228395 0.5703125 0.24691358055555557 0.56944444453125 0.25308641944444443 0.574652778125 0.3580246916666667 0.5859375 0.3765432097222222
1 0.57899305546875 0.21450617222222224 0.667534721875 0.20370370416666667 0.70572916640625 0.19290123472222223 0.69791666640625 0.1527777777777778 0.68489583359375 0.09876543194444444 0.67447916640625 0.06790123472222222 0.667534721875 0.0370370375 0.65885416640625 0.03086419722222222 0.6267361109375 0.03086419722222222 0.60069444453125 0.041666666666666664 0.590277778125 0.05555555555555555 0.58854166640625 0.06327160555555555 0.582465278125 0.09104938333333333 0.57291666640625 0.05709876527777778 0.558159721875 0.04475308611111111 0.54427083359375 0.041666666666666664 0.5251736109375 0.04012345694444444 0.50520833359375 0.04475308611111111 0.48524305546875 0.058641975000000006 0.4748263890625 0.0725308638888889 0.47916666640625005 0.10185185138888889 0.47743055546875 0.12808641944444446 0.4704861109375 0.17129629583333333 0.4704861109375 0.22685185138888891 0.52083333359375 0.22530864166666664 0.57899305546875 0.21450617222222224
1 0.44184027812500004 0.18827160555555555 0.44878472187499996 0.1388888888888889 0.45052083359374995 0.08641975277777778 0.3671875 0.10339506111111112 0.28819444453125 0.12808641944444446 0.24305555546875 0.1404320986111111 0.23958333359375 0.18364197499999999 0.24826388906250002 0.2299382722222222 0.24826388906250002 0.2654320986111111 0.24479166640625 0.29012345694444447 0.2890625 0.2947530861111111 0.3125 0.2808641972222222 0.33072916640625 0.2623456791666667 0.34027777812500004 0.22376543194444443 0.34895833359375 0.2561728388888889 0.3654513890625 0.27160493888888887 0.3845486109375 0.27469135833333336 0.4140625 0.2638888888888889 0.4453125 0.24845679027777778 0.44010416640625005 0.22376543194444443 0.44184027812500004 0.18827160555555555
1 0.036458333593749996 0.5956790125 0.078125 0.6141975305555556 0.08680555546874999 0.6311728388888889 0.090277778125 0.6805555555555556 0.1232638890625 0.6512345680555556 0.17013888906250002 0.6342592597222223 0.2517361109375 0.6203703708333334 0.245659721875 0.4845679013888889 0.12413194453125001 0.4876543208333333 0.041666666406250004 0.47685185138888886 0.034722221875 0.6033950611111111 0.036458333593749996 0.5956790125
1 0.0546875 0.6851851847222222 0.044270833593749996 0.6728395055555555 0.036458333593749996 0.6697530861111111 0.032118055468750004 0.6929012347222222 0.0329861109375 0.7206790124999999 0.044270833593749996 0.75 0.065972221875 0.7546296291666668 0.06770833359375 0.7453703708333332 0.06510416640625 0.7160493833333333 0.0546875 0.6851851847222222
1 0.05555555546875 0.7746913583333334 0.046006944531249996 0.7777777777777778 0.058159721875 0.8950617277777777 0.065972221875 0.9104938277777778 0.06336805546874999 0.9228395055555555 0.09375 0.9135802472222222 0.09201388906249999 0.898148148611111 0.082465278125 0.8040123458333333 0.051215278125 0.7530864194444444 0.05555555546875 0.7746913583333334
1 0.043402778125 0.6558641972222222 0.058159721875 0.6990740736111111 0.073784721875 0.7037037041666667 0.07899305546874999 0.6728395055555555 0.074652778125 0.6327160500000001 0.06163194453125 0.6157407402777777 0.0546875 0.6157407402777777 0.039930555468750004 0.6157407402777777 0.043402778125 0.6558641972222222
1 0.044270833593749996 0.25771605 0.042534721875 0.24691358055555557 0 0.2932098763888889 0.0017361109374999999 0.4845679013888889 0.0407986109375 0.4845679013888889 0.042534721875 0.47530864166666664 0.046006944531249996 0.45987654305555553 0.0529513890625 0.4583333333333333 0.058159721875 0.4706790125 0.0607638890625 0.48148148194444446 0.06944444453125001 0.4737654319444444 0.081597221875 0.37962962916666665 0.078125 0.35648148194444446 0.07638888906249999 0.31018518472222223 0.081597221875 0.2808641972222222 0.07291666640625 0.22376543194444443 0.0607638890625 0.24691358055555557 0.044270833593749996 0.25771605
1 0 0.6990740736111111 0.039930555468750004 0.6697530861111111 0.036458333593749996 0.5555555555555556 0 0.5324074069444444 0 0.6990740736111111