0 0 0.8919753083333333 0.07638888906249999 0.9274691361111111 0.2109375 0.9691358027777778 0.3923611109375 0.9922839499999999 0.5842013890625 0.9706790124999999 0.74913194453125 0.9135802472222222 0.957465278125 0.8055555555555556 0.957465278125 0.8117283944444444 1 0.7793209875000001 0.9991319445312501 0.13580246944444443 0.98177083359375 0.11265432083333332 0.9678819445312501 0.10802469166666666 0.9513888890625 0.09722222222222222 0.92447916640625 0.07870370416666667 0.90885416640625 0.06944444444444445 0.894965278125 0.05401234583333333 0.8819444445312501 0.04012345694444444 0.8819444445312501 0.06327160555555555 0.910590278125 0.08641975277777778 0.933159721875 0.10802469166666666 0.9678819445312501 0.14660493888888887 0.9305555554687499 0.1311728388888889 0.90104166640625 0.10030864166666667 0.887152778125 0.08024691388888888 0.784722221875 0.058641975000000006 0.6796875 0.052469136111111106 0.64149305546875 0.04938271666666667 0.60850694453125 0.052469136111111106 0.5703125 0.058641975000000006 0.5407986109375 0.05401234583333333 0.5060763890625 0.06481481527777777 0.47743055546875 0.0725308638888889 0.45225694453125 0.0725308638888889 0.26996527812500004 0.12191358055555555 0.10850694453125001 0.19135802500000001 0 0.27160493888888887 0 0.8919753083333333
1 0.613715278125 0.9320987652777778 0.77604166640625 0.8796296291666668 0.8359375 0.8611111111111112 0.86197916640625 0.8410493833333333 0.879340278125 0.8287037041666666 0.879340278125 0.7299382722222223 0.8263888890625 0.7515432097222223 0.8203125 0.7407407402777778 0.81510416640625 0.7283950611111111 0.7482638890625 0.7700617277777777 0.61197916640625 0.8148148152777778 0.613715278125 0.9320987652777778
1 0.5954861109375 0.6049382722222223 0.68055555546875 0.5941358027777778 0.73697916640625 0.5833333333333334 0.879340278125 0.5910493833333333 0.8828125 0.4583333333333333 0.8133680554687499 0.4398148152777778 0.8055555554687499 0.4228395055555555 0.80208333359375 0.4043209875 0.801215278125 0.38117283888888887 0.745659721875 0.42129629583333333 0.668402778125 0.44907407361111107 0.589409721875 0.4645061722222222 0.5954861109375 0.6049382722222223
1 0.57725694453125 0.3734567902777778 0.63194444453125 0.38117283888888887 0.6623263890625 0.37962962916666665 0.676215278125 0.39969135833333336 0.71875 0.39351851805555554 0.77256944453125 0.38117283888888887 0.870659721875 0.3765432097222222 0.8611111109375 0.25771605 0.792534721875 0.2515432097222222 0.62413194453125 0.23302469166666667 0.60243055546875 0.24228395 0.5842013890625 0.24074074027777778 0.5876736109375 0.3302469138888889 0.57291666640625 0.3302469138888889 0.57725694453125 0.3734567902777778
1 0.58506944453125 0.23919753055555554 0.63368055546875 0.22685185138888891 0.65885416640625 0.22530864166666664 0.675347221875 0.21759259305555553 0.6640625 0.1759259263888889 0.65104166640625 0.12191358055555555 0.644965278125 0.0725308638888889 0.636284721875 0.07098765416666666 0.62413194453125 0.06481481527777777 0.59461805546875 0.058641975000000006 0.566840278125 0.06481481527777777 0.5564236109375 0.07870370416666667 0.5546875 0.08641975277777778 0.5486111109375 0.11419753055555557 0.535590278125 0.08950617222222222 0.52604166640625 0.07561728333333333 0.511284721875 0.06944444444444445 0.49305555546875 0.06790123472222222 0.47395833359374995 0.07870370416666667 0.45225694453125 0.08641975277777778 0.44097222187499996 0.09567901250000001 0.4453125 0.125 0.4435763890625 0.15123456805555557 0.43836805546875 0.15895061666666668 0.48003472187499996 0.16049382777777776 0.5017361109375 0.16049382777777776 0.58072916640625 0.16049382777777776 0.58506944453125 0.23919753055555554
1 0.051215278125 0.7623456791666666 0.0529513890625 0.773148148611111 0.046006944531249996 0.7700617277777777 0.059027778125 0.8950617277777777 0.065972221875 0.9120370375 0.06857638906249999 0.9212962958333334 0.10069444453125001 0.9074074069444446 0.09201388906249999 0.9012345680555555 0.08333333359375 0.8117283944444444 0.0859375 0.8055555555555556 0.049479166406250004 0.75 0.051215278125 0.7623456791666666
1 0.0407986109375 0.6419753083333333 0.049479166406250004 0.6851851847222222 0.06423611093750001 0.7052469138888889 0.078125 0.691358025 0.07986111093750001 0.6620370375 0.07725694453125001 0.6358024694444444 0.06336805546874999 0.6126543208333334 0.0373263890625 0.6157407402777777 0.0407986109375 0.6419753083333333
1 0.035590278125 0.7283950611111111 0.046875 0.7484567902777777 0.0607638890625 0.7546296291666668 0.07118055546874999 0.7546296291666668 0.0625 0.7129629625 0.049479166406250004 0.6774691361111111 0.0390625 0.6712962958333333 0.03125 0.7037037041666667 0.035590278125 0.7283950611111111
1 0.0008680554687499999 0.7006172833333333 0.039930555468750004 0.6728395055555555 0.036458333593749996 0.5540123458333334 0.0008680554687499999 0.5324074069444444 0.0008680554687499999 0.7006172833333333
1 0 0.4506172833333333 0.039930555468750004 0.4444444444444444 0.0451388890625 0.42129629583333333 0.05989583359375 0.4197530861111111 0.066840278125 0.4305555555555556 0.073784721875 0.40740740694444444 0.082465278125 0.3333333333333333 0.07725694453125001 0.31635802500000004 0.07986111093750001 0.2793209875 0.0859375 0.25771605 0.074652778125 0.19598765416666666 0.05729166640625 0.21759259305555553 0.0451388890625 0.21604938333333332 0.004340278125 0.2638888888888889 0 0.3240740736111111 0 0.4506172833333333
1 0.215277778125 0.2623456791666667 0.25434027812500004 0.2916666666666667 0.2751736109375 0.32098765416666664 0.2795138890625 0.36882716111111113 0.3125 0.36728394999999997 0.5078125 0.3379629625 0.58854166640625 0.32870370416666667 0.5798611109375 0.15895061666666668 0.36024305546875 0.1620370375 0.2907986109375 0.1450617277777778 0.20225694453125 0.058641975000000006 0.15972222187500001 0.22530864166666664 0.215277778125 0.2623456791666667
1 0.28645833359375 0.14197530833333333 0.31597222187499996 0.1527777777777778 0.3845486109375 0.16358024722222222 0.43402777812500004 0.16049382777777776 0.43836805546875 0.13580246944444443 0.4392361109375 0.08950617222222222 0.27777777812500004 0.12808641944444446 0.28645833359375 0.14197530833333333