0 0 0.8827160500000001 0.07725694453125001 0.9212962958333334 0.23524305546875 0.9706790124999999 0.35069444453125 0.9861111111111112 0.511284721875 0.976851851388889 0.64322916640625 0.9521604944444445 0.753472221875 0.9074074069444446 0.86458333359375 0.8533950611111111 0.95572916640625 0.8009259263888888 0.9609375 0.8055555555555556 1 0.773148148611111 0.9982638890625 0.14660493888888887 0.9930555554687499 0.11882716111111111 0.933159721875 0.08333333333333333 0.9079861109375 0.07098765416666666 0.8914930554687499 0.058641975000000006 0.879340278125 0.06944444444444445 0.90625 0.0879629625 0.9210069445312501 0.09722222222222222 0.9435763890625 0.12037037083333334 0.9696180554687499 0.14969135833333333 0.9296875 0.125 0.8897569445312501 0.0879629625 0.84635416640625 0.07098765416666666 0.65885416640625 0.04938271666666667 0.4939236109375 0.058641975000000006 0.31944444453125 0.10648148194444446 0.15538194453125 0.16512345694444444 0 0.26851851805555554 0 0.8827160500000001
1 0.59635416640625 0.6049382722222223 0.71006944453125 0.5895061722222222 0.754340278125 0.5864197527777778 0.87760416640625 0.5895061722222222 0.8810763890625 0.4583333333333333 0.8125 0.4351851847222222 0.79947916640625 0.41512345694444447 0.796875 0.38271605000000003 0.737847221875 0.42592592638888893 0.65885416640625 0.44753086388888885 0.590277778125 0.45987654305555553 0.59635416640625 0.6049382722222223
1 0.61458333359375 0.9382716055555556 0.72395833359375 0.9012345680555555 0.8046875 0.8719135805555556 0.8368055554687499 0.8595679013888888 0.8524305554687499 0.8472222222222222 0.8810763890625 0.8287037041666666 0.8810763890625 0.7330246916666667 0.840277778125 0.7484567902777777 0.823784721875 0.7453703708333332 0.82291666640625 0.7283950611111111 0.74913194453125 0.7700617277777777 0.61197916640625 0.8240740736111112 0.61458333359375 0.9382716055555556
1 0.62586805546875 0.20987654305555556 0.70572916640625 0.19444444444444445 0.70225694453125 0.16358024722222222 0.6814236109375 0.10185185138888889 0.67447916640625 0.05092592638888888 0.6467013890625 0.0370370375 0.6111111109375 0.03395061666666667 0.590277778125 0.052469136111111106 0.581597221875 0.09104938333333333 0.566840278125 0.05709876527777778 0.54947916640625 0.04783950555555555 0.52864583359375 0.04938271666666667 0.50694444453125 0.05092592638888888 0.48871527812500004 0.06481481527777777 0.47395833359374995 0.0725308638888889 0.4782986109375 0.09567901250000001 0.4748263890625 0.1388888888888889 0.46788194453125 0.19444444444444445 0.47135416640625005 0.2299382722222222 0.54166666640625 0.22067901250000002 0.62586805546875 0.20987654305555556
1 0.57899305546875 0.39969135833333336 0.65711805546875 0.4012345680555556 0.6701388890625 0.4012345680555556 0.6779513890625 0.4182098763888889 0.777777778125 0.3873456791666667 0.871527778125 0.36728394999999997 0.862847221875 0.25308641944444443 0.7048611109375 0.24845679027777778 0.62760416640625 0.24845679027777778 0.590277778125 0.26080246944444446 0.5685763890625 0.26851851805555554 0.57899305546875 0.39969135833333336
1 0.238715278125 0.1759259263888889 0.24392361093749998 0.20987654305555556 0.24739583359375 0.26080246944444446 0.24131944453125 0.28395061666666666 0.2717013890625 0.2932098763888889 0.3029513890625 0.28858024722222225 0.32465277812500004 0.2669753083333333 0.33333333359375 0.24845679027777778 0.33680555546875 0.22067901250000002 0.34895833359375 0.25771605 0.36979166640625 0.2731481486111111 0.3984375 0.27006172777777776 0.44444444453125 0.25 0.4392361109375 0.21759259305555553 0.44618055546875 0.18209876527777777 0.4513888890625 0.1311728388888889 0.45225694453125 0.0879629625 0.34722222187499996 0.11265432083333332 0.2421875 0.13734567916666668 0.238715278125 0.1759259263888889
1 0.12413194453125001 0.49228394999999997 0.039930555468750004 0.47530864166666664 0.03125 0.5941358027777778 0.06336805546874999 0.6141975305555556 0.082465278125 0.6327160500000001 0.08767361093750001 0.6589506166666667 0.08680555546874999 0.6820987652777778 0.11458333359374999 0.6543209875 0.14756944453125 0.6419753083333333 0.24045138906250002 0.6203703708333334 0.25434027812500004 0.625 0.24739583359375 0.4783950611111111 0.14756944453125 0.48919753055555554 0.12413194453125001 0.49228394999999997
1 0.3359375 0.5694444444444444 0.37239583359375 0.683641975 0.3671875 0.7037037041666667 0.44444444453125 0.6867283944444444 0.43055555546875 0.6728395055555555 0.4470486109375 0.6512345680555556 0.39756944453125 0.47530864166666664 0.3767361109375 0.4876543208333333 0.37586805546875 0.4567901236111111 0.3263888890625 0.5540123458333334 0.3359375 0.5694444444444444
1 0 0.4830246916666667 0.0373263890625 0.4830246916666667 0.046006944531249996 0.46296296249999996 0.058159721875 0.46604938333333334 0.06770833359375 0.4737654319444444 0.074652778125 0.4506172833333333 0.078125 0.41358024722222225 0.08072916640625 0.37808641944444443 0.07725694453125001 0.37037037083333335 0.07899305546874999 0.3456790125 0.078125 0.31481481527777777 0.08506944453125001 0.29629629583333333 0.07204861093750001 0.2222222222222222 0.066840278125 0.23148148194444443 0.059027778125 0.25308641944444443 0.0486111109375 0.2592592597222222 0.044270833593749996 0.24537037083333332 0.0017361109374999999 0.2870370375 0 0.4830246916666667
1 0.1111111109375 0.8657407402777778 0.1076388890625 0.8811728388888889 0.109375 0.9104938277777778 0.11979166640625001 0.9290123458333333 0.13020833359375 0.933641975 0.14322916640625 0.918209876388889 0.14583333359375 0.8919753083333333 0.14236111093749998 0.8595679013888888 0.125 0.8595679013888888 0.1111111109375 0.8657407402777778
1 0.049479166406250004 0.7608024694444444 0.0407986109375 0.7669753083333333 0.051215278125 0.8873456791666666 0.05989583359375 0.8996913583333334 0.05729166640625 0.9120370375 0.090277778125 0.8996913583333334 0.08420138906249999 0.8827160500000001 0.07552083359375 0.8024691361111111 0.078125 0.7885802472222222 0.0451388890625 0.7391975305555556 0.049479166406250004 0.7608024694444444
1 0 0.7978395055555555 0.0017361109374999999 0.8858024694444444 0.05208333359375 0.8719135805555556 0.039930555468750004 0.7592592597222222 0.0017361109374999999 0.7222222222222222 0 0.7978395055555555