1 0.8819444445312501 0.3626543208333333 0.940972221875 0.3580246916666667 0.9765625 0.36882716111111113 1 0.3966049388888889 0.9991319445312501 0.27006172777777776 0.9826388890625 0.24691358055555557 0.9756944445312501 0.21759259305555553 0.9826388890625 0.19135802500000001 0.9904513890625 0.1759259263888889 0.96354166640625 0.07098765416666666 0.926215278125 0.09413580277777778 0.848090278125 0.07098765416666666 0.8819444445312501 0.3626543208333333
1 0.36284722187499996 0.6373456791666666 0.5 0.5925925930555556 0.4982638890625 0.4521604944444445 0.3923611109375 0.41512345694444447 0.36631944453125 0.4243827166666667 0.36371527812500004 0.5617283944444444 0.36284722187499996 0.6373456791666666
1 0.46006944453125 0.9351851847222222 0.56770833359375 0.9320987652777778 0.63802083359375 0.9552469138888889 0.66493055546875 0.8225308638888889 0.65364583359375 0.7916666666666666 0.651909721875 0.7391975305555556 0.5251736109375 0.6867283944444444 0.52864583359375 0.6358024694444444 0.4392361109375 0.6512345680555556 0.46006944453125 0.9351851847222222
1 0.24479166640625 0.7577160500000001 0.2578125 0.7592592597222222 0.27083333359375 0.7746913583333334 0.2751736109375 0.8040123458333333 0.26996527812500004 0.8348765430555556 0.25434027812500004 0.8441358027777778 0.2873263890625 0.9675925930555554 0.33680555546875 0.941358025 0.44878472187499996 0.9521604944444445 0.42534722187499996 0.6373456791666666 0.30989583359375 0.6558641972222222 0.25260416640625 0.6265432097222222 0.24479166640625 0.7577160500000001
1 0.676215278125 0.7067901236111112 0.69270833359375 0.7083333333333334 0.70572916640625 0.7253086416666666 0.71354166640625 0.7530864194444444 0.7048611109375 0.7901234569444444 0.69010416640625 0.808641975 0.6736111109375 0.8179012347222222 0.6935763890625 0.9459876541666667 0.77430555546875 0.8950617277777777 0.8741319445312501 0.8688271611111111 0.8819444445312501 0.7638888888888888 0.8836805554687499 0.5540123458333334 0.77430555546875 0.5817901236111112 0.691840278125 0.5524691361111111 0.676215278125 0.7067901236111112
1 0.046875 0.6961805555555556 0.05078125 0.734375 0.0595703125 0.7361111111111112 0.1032986109375 0.7145061722222222 0.09765625 0.6197916666666666 0.09765625 0.6024305555555556 0.0595703125 0.5659722222222222 0.0498046875 0.5590277777777778 0.046875 0.5607638888888888 0.044921875 0.5677083333333334 0.046875 0.6961805555555556
1 0.10069444453125001 0.7160493833333333 0.0564236109375 0.7407407402777778 0.066840278125 0.8379629625 0.1171875 0.8904320986111112 0.10069444453125001 0.7160493833333333
1 0.10416666640625001 0.6898148152777778 0.105902778125 0.7391975305555556 0.112847221875 0.7669753083333333 0.11024305546874999 0.7993827166666667 0.113715278125 0.8410493833333333 0.12413194453125001 0.8811728388888889 0.17534722187500001 0.8950617277777777 0.24392361093749998 0.933641975 0.238715278125 0.9074074069444446 0.23611111093749998 0.8641975305555556 0.23958333359375 0.8348765430555556 0.230902778125 0.8256172833333333 0.22916666640625 0.8055555555555556 0.22829861093749998 0.7885802472222222 0.22569444453125 0.7716049388888889 0.22482638906250002 0.7546296291666668 0.23177083359375 0.7422839499999999 0.22135416640625 0.7083333333333334 0.2109375 0.6527777777777778 0.214409721875 0.6172839499999999 0.16753472187500001 0.6419753083333333 0.10416666640625001 0.6404320986111111 0.10416666640625001 0.6898148152777778
1 0.11631944453125001 0.3070987652777778 0.1154513890625 0.36574074027777775 0.1111111109375 0.4027777777777778 0.109375 0.45370370416666667 0.11458333359374999 0.5015432097222222 0.18402777812499999 0.48148148194444446 0.2421875 0.5 0.24479166640625 0.46141975277777775 0.24739583359375 0.42129629583333333 0.2578125 0.36574074027777775 0.24131944453125 0.3626543208333333 0.230902778125 0.35030864166666664 0.22916666640625 0.3055555555555556 0.237847221875 0.28858024722222225 0.25520833359375 0.27469135833333336 0.25868055546875 0.2777777777777778 0.25 0.21759259305555553 0.24826388906250002 0.15740740694444444 0.18923611093749998 0.20833333333333334 0.1232638890625 0.24845679027777778 0.11631944453125001 0.3070987652777778
1 0.2734375 0.25308641944444443 0.27604166640625 0.26080246944444446 0.28211805546875 0.2916666666666667 0.28211805546875 0.32253086388888885 0.2717013890625 0.3472222222222222 0.29600694453125 0.4722222222222222 0.34722222187499996 0.4228395055555555 0.46180555546875 0.40895061666666666 0.44791666640625005 0.1111111111111111 0.45746527812500004 0.11265432083333332 0.45746527812500004 0.09876543194444444 0.3454861109375 0.13734567916666668 0.29340277812500004 0.12191358055555555 0.2734375 0.25308641944444443
1 0.453125 0.1111111111111111 0.46440972187499996 0.4182098763888889 0.59895833359375 0.39814814861111114 0.671875 0.4320987652777778 0.68663194453125 0.28549382777777776 0.675347221875 0.26080246944444446 0.66493055546875 0.22376543194444443 0.6657986109375 0.18672839444444445 0.67447916640625 0.16820987638888887 0.676215278125 0.15740740694444444 0.64149305546875 0.04012345694444444 0.57725694453125 0.09104938333333333 0.453125 0.1111111111111111
1 0.68229166640625 0.16820987638888887 0.69010416640625 0.16820987638888887 0.707465278125 0.18364197499999999 0.71354166640625 0.21450617222222224 0.70833333359375 0.24537037083333332 0.69270833359375 0.2623456791666667 0.72395833359375 0.4012345680555556 0.7795138890625 0.34259259305555556 0.87760416640625 0.33641975277777775 0.8420138890625 0.0725308638888889 0.753472221875 0.07716049444444445 0.68836805546875 0.04629629583333334 0.68229166640625 0.16820987638888887
0 0 0.8009259263888888 0.00868055546875 0.8101851847222222 0.0234375 0.8271604944444445 0.026909721874999997 0.8503086416666666 0.03038194453125 0.8672839499999999 0.11805555546874999 0.918209876388889 0.24479166640625 0.9537037041666666 0.42534722187499996 0.9845679013888888 0.61979166640625 0.9799382722222223 0.84114583359375 0.9104938277777778 0.934027778125 0.8657407402777778 1 0.8209876541666667 0.9982638890625 0.06790123472222222 0.8845486109375 0.032407406944444446 0.815972221875 0.006172838888888889 0.637152778125 0.0015432097222222222 0.51302083359375 0 0.48958333359374995 0.00771605 0.421875 0.03086419722222222 0.39583333359375 0.04629629583333334 0.33854166640625 0.06327160555555555 0.29774305546875 0.08179012361111111 0.21614583359375 0.12345679027777778 0.16579861093749998 0.15432098749999998 0.11631944453125001 0.18981481527777777 0.06163194453125 0.2345679013888889 0.019965278125 0.27469135833333336 0.0173611109375 0.29629629583333333 0.00868055546875 0.3009259263888889 0 0.4876543208333333 0 0.8009259263888888