0 1 0.06944444444444445 0.94791666640625 0.04629629583333334 0.8133680554687499 0.018518518055555554 0.7170138890625 0.016975308333333335 0.64149305546875 0.01543209861111111 0.54166666640625 0.010802469444444443 0.46788194453125 0.020061727777777778 0.38975694453125 0.05709876527777778 0.28819444453125 0.08641975277777778 0.23611111093749998 0.1095679013888889 0.105902778125 0.20061728333333334 0.01649305546875 0.27469135833333336 0.0173611109375 0.29629629583333333 0.006944444531250001 0.3055555555555556 0 0.8070987652777778 0.013888889062500001 0.8070987652777778 0.02256944453125 0.8425925930555554 0.0295138890625 0.8734567902777777 0.14149305546875 0.9259259263888888 0.3298611109375 0.9737654319444445 0.53385416640625 0.9845679013888888 0.723090278125 0.9537037041666666 0.949652778125 0.8533950611111111 1 0.816358025 1 0.06944444444444445
1 0.02083333359375 0.8225308638888889 0.065972221875 0.8672839499999999 0.047743055468750004 0.7145061722222222 0.01822916640625 0.7345679013888888 0.02083333359375 0.8225308638888889
1 0.044270833593749996 0.6203703708333334 0.051215278125 0.7438271611111111 0.10416666640625001 0.7160493833333333 0.10243055546874999 0.6064814819444445 0.047743055468750004 0.5540123458333334 0.044270833593749996 0.6203703708333334
1 0.0529513890625 0.7422839499999999 0.06336805546874999 0.8425925930555554 0.1189236109375 0.8919753083333333 0.10069444453125001 0.7114197527777778 0.0529513890625 0.7422839499999999
1 0.1032986109375 0.7145061722222222 0.109375 0.7469135805555556 0.113715278125 0.7746913583333334 0.113715278125 0.7793209875000001 0.11458333359374999 0.808641975 0.11631944453125001 0.8425925930555554 0.125 0.8827160500000001 0.17881944453125 0.8966049388888889 0.24305555546875 0.941358025 0.23958333359375 0.9058641972222222 0.23611111093749998 0.8719135805555556 0.237847221875 0.8302469138888889 0.230034721875 0.8117283944444444 0.230034721875 0.793209876388889 0.22743055546875 0.7608024694444444 0.230034721875 0.7453703708333332 0.22135416640625 0.7098765430555556 0.21354166640625 0.6666666666666666 0.214409721875 0.6172839499999999 0.16666666640625 0.6450617277777777 0.105902778125 0.6481481486111111 0.1032986109375 0.7145061722222222
1 0.1154513890625 0.32253086388888885 0.1154513890625 0.36882716111111113 0.112847221875 0.39351851805555554 0.11458333359374999 0.44135802500000004 0.1171875 0.4984567902777778 0.18229166640625 0.4830246916666667 0.24392361093749998 0.5015432097222222 0.24392361093749998 0.45987654305555553 0.246527778125 0.4104938277777778 0.25868055546875 0.36419753055555554 0.24913194453125 0.3595679013888889 0.238715278125 0.35339506111111113 0.230902778125 0.3379629625 0.23263888906250002 0.31018518472222223 0.238715278125 0.28858024722222225 0.25868055546875 0.27469135833333336 0.24826388906250002 0.22067901250000002 0.245659721875 0.1620370375 0.18402777812499999 0.21759259305555553 0.1232638890625 0.24845679027777778 0.1154513890625 0.32253086388888885
1 0.27256944453125 0.23765432083333332 0.28211805546875 0.26080246944444446 0.28472222187499996 0.29783950555555555 0.28038194453125 0.32716049444444445 0.27430555546875 0.35030864166666664 0.2986111109375 0.47685185138888886 0.35069444453125 0.42129629583333333 0.45833333359374995 0.39969135833333336 0.44878472187499996 0.1111111111111111 0.45833333359374995 0.1111111111111111 0.45659722187499996 0.09567901250000001 0.34375 0.1388888888888889 0.29427083359375 0.12654320972222222 0.27256944453125 0.23765432083333332
1 0.45052083359374995 0.1111111111111111 0.4609375 0.4197530861111111 0.59895833359375 0.39969135833333336 0.6701388890625 0.4367283944444444 0.691840278125 0.28858024722222225 0.676215278125 0.2731481486111111 0.668402778125 0.24537037083333332 0.66666666640625 0.18981481527777777 0.68055555546875 0.16975308611111112 0.64149305546875 0.038580247222222225 0.581597221875 0.08024691388888888 0.45052083359374995 0.1111111111111111
1 0.68055555546875 0.16666666666666666 0.70833333359375 0.18672839444444445 0.71354166640625 0.21604938333333332 0.71006944453125 0.2438271611111111 0.691840278125 0.2592592597222222 0.7265625 0.4012345680555556 0.78125 0.34259259305555556 0.87760416640625 0.32716049444444445 0.8446180554687499 0.07870370416666667 0.7595486109375 0.07870370416666667 0.68836805546875 0.04783950555555555 0.68055555546875 0.16666666666666666
1 0.8819444445312501 0.3626543208333333 0.940972221875 0.3580246916666667 0.9765625 0.36882716111111113 1 0.3966049388888889 0.9991319445312501 0.27006172777777776 0.9826388890625 0.24691358055555557 0.9756944445312501 0.21759259305555553 0.9826388890625 0.19135802500000001 0.9904513890625 0.1759259263888889 0.96354166640625 0.07098765416666666 0.926215278125 0.09413580277777778 0.848090278125 0.07098765416666666 0.8819444445312501 0.3626543208333333
1 0.245659721875 0.7530864194444444 0.26909722187499996 0.773148148611111 0.2751736109375 0.8132716055555556 0.26822916640625 0.8410493833333333 0.25520833359375 0.8487654319444445 0.28211805546875 0.9675925930555554 0.33854166640625 0.9320987652777778 0.44878472187499996 0.9382716055555556 0.44444444453125 0.8950617277777777 0.43055555546875 0.6404320986111111 0.31510416640625 0.6620370375 0.25434027812500004 0.6265432097222222 0.245659721875 0.7530864194444444
1 0.36284722187499996 0.6373456791666666 0.5 0.5925925930555556 0.4982638890625 0.4521604944444445 0.3923611109375 0.41512345694444447 0.36631944453125 0.4243827166666667 0.36371527812500004 0.5617283944444444 0.36284722187499996 0.6373456791666666
1 0.67447916640625 0.7067901236111112 0.6814236109375 0.7037037041666667 0.70399305546875 0.7145061722222222 0.71788194453125 0.7623456791666666 0.703125 0.7978395055555555 0.67274305546875 0.8179012347222222 0.69010416640625 0.9444444444444444 0.7717013890625 0.898148148611111 0.8758680554687499 0.8672839499999999 0.8819444445312501 0.5555555555555556 0.77430555546875 0.5817901236111112 0.69270833359375 0.5462962958333333 0.67447916640625 0.7067901236111112
1 0.8836805554687499 0.6959876541666666 0.8767361109375 0.851851851388889 0.9609375 0.8040123458333333 0.995659721875 0.8194444444444444 1 0.6589506166666667 0.964409721875 0.7083333333333334 0.9453125 0.7160493833333333 0.9296875 0.7114197527777778 0.9045138890625 0.691358025 0.8836805554687499 0.6959876541666666