0 1 0.07561728333333333 0.9852430554687499 0.06481481527777777 0.9470486109375 0.04783950555555555 0.8663194445312501 0.026234568055555553 0.7282986109375 0.013888888888888888 0.60416666640625 0.02314814861111111 0.46788194453125 0.04012345694444444 0.39496527812500004 0.05709876527777778 0.26128472187499996 0.10648148194444446 0.12239583359374999 0.19598765416666666 0.042534721875 0.2546296291666667 0.019097221875 0.28858024722222225 0.006944444531250001 0.30401234583333336 0.004340278125 0.36728394999999997 0.0034722218749999997 0.5231481486111111 0 0.8024691361111111 0.0095486109375 0.8070987652777778 0.01649305546875 0.816358025 0.02430555546875 0.8441358027777778 0.027777778125000003 0.8703703708333332 0.19184027812499999 0.9398148152777778 0.35069444453125 0.976851851388889 0.47743055546875 0.9830246916666667 0.62413194453125 0.9722222222222222 0.715277778125 0.9552469138888889 0.809027778125 0.9166666666666666 0.94270833359375 0.8595679013888888 1 0.8194444444444444 1 0.09413580277777778 1 0.07561728333333333
1 0.68359375 0.14756944444444445 0.681640625 0.15104166666666666 0.68359375 0.16493055555555555 0.6962890625 0.1736111111111111 0.7041015625 0.1840277777777778 0.7109375 0.2065972222222222 0.7109375 0.2309027777777778 0.705078125 0.2482638888888889 0.7021484375 0.25 0.69155092578125 0.2592592597222222 0.703125 0.3038194444444444 0.70703125 0.328125 0.716796875 0.359375 0.71875 0.3767361111111111 0.7255859375 0.3958333333333333 0.7373046875 0.3854166666666667 0.7412109375 0.3854166666666667 0.7490234375 0.375 0.7568359375 0.3715277777777778 0.7607421875 0.3645833333333333 0.7705078125 0.3576388888888889 0.7919921875 0.3402777777777778 0.8232421875 0.3402777777777778 0.8251953125 0.3368055555555556 0.8544921875 0.3368055555555556 0.8564453125 0.3333333333333333 0.875 0.3315972222222222 0.876953125 0.3246527777777778 0.875 0.3211805555555556 0.875 0.3038194444444444 0.8671875 0.2586805555555556 0.8671875 0.24131944444444445 0.859375 0.1996527777777778 0.859375 0.18229166666666666 0.857421875 0.17881944444444445 0.853515625 0.140625 0.84765625 0.10590277777777778 0.845703125 0.10243055555555555 0.845703125 0.0920138888888889 0.8408203125 0.0798611111111111 0.8369140625 0.0763888888888889 0.7626953125 0.0763888888888889 0.7548828125 0.0763888888888889 0.7412109375 0.06944444444444445 0.7119140625 0.059027777777777776 0.6962890625 0.04861111111111111 0.6884765625 0.04861111111111111 0.685546875 0.05381944444444445 0.68359375 0.08506944444444445 0.68359375 0.11631944444444445 0.68359375 0.14756944444444445
1 0.847222221875 0.07870370416666667 0.8585069445312501 0.1620370375 0.88020833359375 0.3626543208333333 0.894965278125 0.3611111111111111 0.8914930554687499 0.3487654319444444 0.9774305554687499 0.3317901236111111 0.9765625 0.37037037083333335 1 0.3888888888888889 0.9982638890625 0.2638888888888889 0.98958333359375 0.2515432097222222 0.9835069445312501 0.23765432083333332 0.980034721875 0.21604938333333332 0.980034721875 0.19753086388888888 0.98958333359375 0.18518518472222223 0.965277778125 0.07716049444444445 0.9296875 0.09722222222222222 0.847222221875 0.07870370416666667
1 0.044270833593749996 0.6358024694444444 0.046006944531249996 0.6882716055555556 0.051215278125 0.7391975305555556 0.1015625 0.7160493833333333 0.10069444453125001 0.6033950611111111 0.047743055468750004 0.5509259263888889 0.044270833593749996 0.6358024694444444
1 0.09982638906249999 0.7191358027777778 0.0529513890625 0.7422839499999999 0.0607638890625 0.8379629625 0.1189236109375 0.8935185180555556 0.09982638906249999 0.7191358027777778
1 0.11197916640625001 0.40740740694444444 0.1111111109375 0.4521604944444445 0.11805555546874999 0.5 0.18489583359375 0.4830246916666667 0.24392361093749998 0.5 0.24305555546875 0.4691358027777778 0.245659721875 0.44135802500000004 0.246527778125 0.39969135833333336 0.25434027812500004 0.37037037083333335 0.24045138906250002 0.3611111111111111 0.23263888906250002 0.3456790125 0.23350694453125 0.31481481527777777 0.237847221875 0.2916666666666667 0.26041666640625 0.27469135833333336 0.24739583359375 0.22530864166666664 0.245659721875 0.16049382777777776 0.18402777812499999 0.21141975277777775 0.12239583359374999 0.24691358055555557 0.1171875 0.27006172777777776 0.11458333359374999 0.30246913611111115 0.1154513890625 0.36574074027777775 0.11197916640625001 0.40740740694444444
1 0.9001736109375 0.46759259305555556 0.9765625 0.5185185180555555 0.980902778125 0.46604938333333334 0.980034721875 0.3317901236111111 0.8967013890625 0.3518518513888889 0.9001736109375 0.46759259305555556
1 0.36458333359375 0.6450617277777777 0.46961805546875 0.6033950611111111 0.50086805546875 0.5956790125 0.49652777812500004 0.47993827222222224 0.49739583359374995 0.45370370416666667 0.38541666640625 0.4182098763888889 0.3671875 0.4197530861111111 0.3654513890625 0.5370370375 0.36458333359375 0.6450617277777777
1 0.2717013890625 0.24845679027777778 0.28038194453125 0.2638888888888889 0.28125 0.2932098763888889 0.27777777812500004 0.32870370416666667 0.2717013890625 0.35030864166666664 0.29340277812500004 0.47530864166666664 0.3515625 0.4228395055555555 0.4592013890625 0.4012345680555556 0.44878472187499996 0.1095679013888889 0.4609375 0.1111111111111111 0.4592013890625 0.09567901250000001 0.34722222187499996 0.1404320986111111 0.29166666640625 0.12654320972222222 0.2717013890625 0.24845679027777778
1 0.67100694453125 0.4351851847222222 0.6857638890625 0.28549382777777776 0.675347221875 0.2654320986111111 0.668402778125 0.23765432083333332 0.6657986109375 0.20061728333333334 0.668402778125 0.17438271666666666 0.67708333359375 0.16666666666666666 0.644097221875 0.04475308611111111 0.582465278125 0.08487654305555556 0.45225694453125 0.1111111111111111 0.46180555546875 0.41203703750000004 0.4609375 0.41512345694444447 0.59895833359375 0.39506172777777776 0.67100694453125 0.4351851847222222
1 0.10243055546874999 0.6512345680555556 0.105034721875 0.7253086416666666 0.1154513890625 0.7685185180555556 0.113715278125 0.7808641972222222 0.112847221875 0.8225308638888889 0.1171875 0.8564814819444444 0.12413194453125001 0.8858024694444444 0.17447916640625 0.898148148611111 0.24305555546875 0.9429012347222222 0.237847221875 0.9135802472222222 0.23263888906250002 0.8827160500000001 0.23263888906250002 0.8626543208333334 0.24045138906250002 0.8271604944444445 0.23263888906250002 0.8101851847222222 0.230034721875 0.7993827166666667 0.23177083359375 0.7808641972222222 0.2265625 0.7700617277777777 0.22395833359375 0.7546296291666668 0.22916666640625 0.7422839499999999 0.21788194453125 0.6882716055555556 0.21354166640625 0.6466049388888889 0.21180555546875 0.6172839499999999 0.16666666640625 0.6435185180555555 0.105902778125 0.6481481486111111 0.10243055546874999 0.6512345680555556
1 0.02256944453125 0.8194444444444444 0.065972221875 0.8657407402777778 0.049479166406250004 0.7175925930555554 0.01649305546875 0.7376543208333334 0.02256944453125 0.8194444444444444
1 0.245659721875 0.7561728388888889 0.2578125 0.7592592597222222 0.26996527812500004 0.773148148611111 0.2734375 0.8070987652777778 0.26996527812500004 0.8379629625 0.2560763890625 0.8456790124999999 0.28819444453125 0.9706790124999999 0.34461805546875 0.933641975 0.38975694453125 0.941358025 0.44965277812500004 0.9367283944444444 0.44010416640625005 0.8379629625 0.42621527812500004 0.6404320986111111 0.31163194453125 0.6558641972222222 0.25260416640625 0.625 0.245659721875 0.7561728388888889
1 0.6657986109375 0.7438271611111111 0.67881944453125 0.5478395055555555 0.67708333359375 0.5154320986111111 0.534722221875 0.5370370375 0.5295138890625 0.6851851847222222 0.6657986109375 0.7438271611111111
1 0.45659722187499996 0.9351851847222222 0.5842013890625 0.9290123458333333 0.6423611109375 0.9552469138888889 0.66319444453125 0.8179012347222222 0.6545138890625 0.7916666666666666 0.65104166640625 0.7577160500000001 0.65538194453125 0.7376543208333334 0.526909721875 0.6805555555555556 0.52864583359375 0.6342592597222223 0.43836805546875 0.6450617277777777 0.45659722187499996 0.9351851847222222
1 0.675347221875 0.7052469138888889 0.6857638890625 0.7052469138888889 0.706597221875 0.7129629625 0.71180555546875 0.7438271611111111 0.71006944453125 0.7824074069444446 0.69444444453125 0.8024691361111111 0.67274305546875 0.808641975 0.69010416640625 0.941358025 0.7717013890625 0.898148148611111 0.8741319445312501 0.875 0.878472221875 0.8132716055555556 0.879340278125 0.5570987652777778 0.77604166640625 0.5771604944444445 0.690972221875 0.5478395055555555 0.675347221875 0.7052469138888889