0 1 0.3580246916666667 0.98697916640625 0.2222222222222222 0.965277778125 0.07561728333333333 0.83072916640625 0.03086419722222222 0.75260416640625 0.020061727777777778 0.629340278125 0.012345679166666668 0.5373263890625 0.016975308333333335 0.45833333359374995 0.02314814861111111 0.40885416640625005 0.038580247222222225 0.32118055546875 0.06481481527777777 0.23958333359375 0.09876543194444444 0.16666666640625 0.13580246944444443 0.12239583359374999 0.14969135833333333 0.120659721875 0.16975308611111112 0.11024305546874999 0.17901234583333334 0.09635416640625 0.20370370416666667 0.07899305546874999 0.25308641944444443 0.07552083359375 0.2947530861111111 0.073784721875 0.44598765416666664 0.07986111093750001 0.5169753083333333 0.09288194453125001 0.6944444444444444 0.09895833359375 0.7592592597222222 0.11197916640625001 0.816358025 0.120659721875 0.8487654319444445 0.12934027812499999 0.918209876388889 0.13975694453125 0.9382716055555556 0.265625 0.9675925930555554 0.4279513890625 0.9783950611111111 0.54774305546875 0.976851851388889 0.6640625 0.9552469138888889 0.8194444445312501 0.898148148611111 0.9383680554687499 0.831790123611111 1 0.7870370375 1 0.3580246916666667
1 0.333984375 0.4600694444444444 0.3359375 0.4635416666666667 0.3359375 0.484375 0.33984375 0.5017361111111112 0.33984375 0.5260416666666666 0.3427734375 0.53125 0.3466796875 0.5347222222222222 0.3603515625 0.5347222222222222 0.3623046875 0.53125 0.3876953125 0.5277777777777778 0.3896484375 0.5243055555555556 0.4091796875 0.5243055555555556 0.4111328125 0.5277777777777778 0.4228515625 0.5277777777777778 0.4443359375 0.5451388888888888 0.451171875 0.5364583333333334 0.453125 0.5295138888888888 0.453125 0.5052083333333334 0.451171875 0.5017361111111112 0.451171875 0.4913194444444444 0.447265625 0.4878472222222222 0.451171875 0.4809027777777778 0.451171875 0.4600694444444444 0.44921875 0.4565972222222222 0.447265625 0.4184027777777778 0.44140625 0.3871527777777778 0.44140625 0.3628472222222222 0.439453125 0.359375 0.4384765625 0.3402777777777778 0.3662109375 0.3368055555555556 0.3544921875 0.34375 0.33984375 0.3697916666666667 0.3359375 0.3836805555555556 0.333984375 0.3940972222222222 0.333984375 0.4600694444444444
1 0.146484375 0.4253472222222222 0.1484375 0.4288194444444444 0.1484375 0.515625 0.150390625 0.5190972222222222 0.150390625 0.5677083333333334 0.15234375 0.5711805555555556 0.15625 0.6545138888888888 0.1591796875 0.6597222222222222 0.1826171875 0.6597222222222222 0.189453125 0.6510416666666666 0.189453125 0.6440972222222222 0.1875 0.640625 0.1875 0.5538194444444444 0.185546875 0.5503472222222222 0.185546875 0.5329861111111112 0.18359375 0.5295138888888888 0.18359375 0.4114583333333333 0.181640625 0.4079861111111111 0.181640625 0.3836805555555556 0.1689453125 0.3819444444444444 0.1669921875 0.3854166666666667 0.1484375 0.390625 0.146484375 0.3975694444444444 0.146484375 0.4253472222222222
1 0.4453125 0.4010416666666667 0.4501953125 0.4166666666666667 0.4697265625 0.4340277777777778 0.4951171875 0.4305555555555556 0.515625 0.42129629583333333 0.53125 0.4182098763888889 0.5295138890625 0.37191358055555557 0.5009765625 0.3472222222222222 0.4912109375 0.3472222222222222 0.4892578125 0.34375 0.4638671875 0.3472222222222222 0.4541015625 0.3541666666666667 0.447265625 0.3663194444444444 0.4453125 0.3732638888888889 0.4453125 0.4010416666666667
1 0.431640625 0.10590277777777778 0.4384765625 0.11805555555555555 0.4482421875 0.12152777777777778 0.4697265625 0.11805555555555555 0.4873046875 0.1076388888888889 0.50390625 0.08159722222222222 0.5078125 0.046875 0.4521484375 0.04861111111111111 0.4384765625 0.0625 0.431640625 0.07465277777777778 0.4296875 0.08506944444444445 0.431640625 0.10590277777777778
1 0.88671875 0.15104166666666666 0.8935546875 0.15625 0.9150390625 0.1597222222222222 0.916015625 0.15104166666666666 0.904296875 0.07465277777777778 0.8876953125 0.06597222222222222 0.8759765625 0.06597222222222222 0.875 0.07465277777777778 0.88671875 0.15104166666666666
1 0.22265625 0.2586805555555556 0.22829861093749998 0.29629629583333333 0.2529296875 0.2638888888888889 0.314453125 0.2378472222222222 0.31640625 0.14756944444444445 0.314453125 0.1267361111111111 0.3056640625 0.1076388888888889 0.2978515625 0.10069444444444445 0.2783203125 0.10069444444444445 0.2314453125 0.1388888888888889 0.2265625 0.14756944444444445 0.22265625 0.21006944444444445 0.22265625 0.2586805555555556
1 0.18402777812499999 0.13734567916666668 0.15277777812499999 0.1527777777777778 0.14756944453125 0.3734567902777778 0.18142361093749998 0.3611111111111111 0.18402777812499999 0.13734567916666668
1 0.18142361093749998 0.3966049388888889 0.21961805546875 0.3873456791666667 0.222222221875 0.11265432083333332 0.18315972187500001 0.13425925972222222 0.18142361093749998 0.3966049388888889
1 0.25390625 0.8350694444444444 0.255859375 0.8385416666666666 0.2578125 0.8697916666666666 0.26171875 0.8836805555555556 0.265625 0.9288194444444444 0.2685546875 0.9340277777777778 0.2744140625 0.9340277777777778 0.3212890625 0.9618055555555556 0.3349609375 0.9618055555555556 0.3427734375 0.9548611111111112 0.353515625 0.9357638888888888 0.357421875 0.9149305555555556 0.35546875 0.859375 0.353515625 0.8559027777777778 0.353515625 0.8315972222222222 0.3515625 0.828125 0.3515625 0.8072916666666666 0.349609375 0.8003472222222222 0.3271484375 0.7986111111111112 0.3251953125 0.7951388888888888 0.2978515625 0.7951388888888888 0.2958984375 0.7916666666666666 0.2802734375 0.7881944444444444 0.2587890625 0.7673611111111112 0.2548828125 0.7673611111111112 0.251953125 0.7725694444444444 0.25390625 0.8350694444444444
1 0.16015625 0.7934027777777778 0.162109375 0.8454861111111112 0.1640625 0.8489583333333334 0.162109375 0.8767361111111112 0.1748046875 0.8888888888888888 0.1806640625 0.8993055555555556 0.2021484375 0.9166666666666666 0.2060546875 0.9236111111111112 0.2392578125 0.9548611111111112 0.244140625 0.9427083333333334 0.244140625 0.9322916666666666 0.251953125 0.8975694444444444 0.25390625 0.8628472222222222 0.251953125 0.859375 0.251953125 0.8350694444444444 0.248046875 0.8211805555555556 0.24609375 0.796875 0.23046875 0.7413194444444444 0.23046875 0.734375 0.2275390625 0.7291666666666666 0.2216796875 0.7291666666666666 0.1572265625 0.7673611111111112 0.15625 0.7795138888888888 0.16015625 0.7934027777777778
1 0.216796875 0.5989583333333334 0.21875 0.6024305555555556 0.21875 0.6232638888888888 0.220703125 0.6267361111111112 0.22265625 0.6545138888888888 0.240234375 0.7204861111111112 0.2451171875 0.7291666666666666 0.337890625 0.671875 0.3359375 0.6475694444444444 0.33203125 0.6336805555555556 0.33203125 0.6163194444444444 0.330078125 0.6128472222222222 0.33203125 0.5434027777777778 0.333984375 0.5399305555555556 0.333984375 0.5260416666666666 0.3310546875 0.5208333333333334 0.3134765625 0.5104166666666666 0.2958984375 0.5104166666666666 0.296875 0.5052083333333334 0.2880859375 0.4965277777777778 0.2763671875 0.4930555555555556 0.2451171875 0.4722222222222222 0.2353515625 0.4722222222222222 0.228515625 0.5086805555555556 0.23046875 0.515625 0.22265625 0.5329861111111112 0.220703125 0.5607638888888888 0.21875 0.5642361111111112 0.21875 0.5885416666666666 0.216796875 0.5989583333333334
1 0.388671875 0.6336805555555556 0.388671875 0.671875 0.38671875 0.6788194444444444 0.388671875 0.6822916666666666 0.388671875 0.7135416666666666 0.390625 0.7170138888888888 0.390625 0.7517361111111112 0.3984375 0.796875 0.3984375 0.8072916666666666 0.390625 0.8246527777777778 0.390625 0.8350694444444444 0.396484375 0.8628472222222222 0.396484375 0.8871527777777778 0.400390625 0.8975694444444444 0.400390625 0.9149305555555556 0.3984375 0.9184027777777778 0.400390625 0.9253472222222222 0.400390625 0.9496527777777778 0.4052734375 0.9583333333333334 0.4111328125 0.9583333333333334 0.4130859375 0.9618055555555556 0.4189453125 0.9618055555555556 0.4267578125 0.96875 0.4345703125 0.96875 0.4521484375 0.9791666666666666 0.4697265625 0.9791666666666666 0.474609375 0.9670138888888888 0.4765625 0.9461805555555556 0.4853515625 0.9305555555555556 0.4951171875 0.9236111111111112 0.5068359375 0.9305555555555556 0.509765625 0.9392361111111112 0.515625 0.9461805555555556 0.51953125 0.9670138888888888 0.5224609375 0.9722222222222222 0.5361328125 0.9722222222222222 0.5380859375 0.96875 0.5517578125 0.9652777777777778 0.5634765625 0.9548611111111112 0.5693359375 0.9548611111111112 0.5830078125 0.9444444444444444 0.5888671875 0.9444444444444444 0.591796875 0.9392361111111112 0.591796875 0.9149305555555556 0.58984375 0.9114583333333334 0.591796875 0.8072916666666666 0.583984375 0.796875 0.58203125 0.7864583333333334 0.58203125 0.765625 0.5859375 0.7447916666666666 0.583984375 0.7378472222222222 0.583984375 0.6579861111111112 0.580078125 0.6440972222222222 0.580078125 0.6128472222222222 0.5732421875 0.5972222222222222 0.5673828125 0.59375 0.5595703125 0.5798611111111112 0.5400390625 0.5868055555555556 0.5244140625 0.5972222222222222 0.4892578125 0.6006944444444444 0.4873046875 0.6041666666666666 0.4169921875 0.6041666666666666 0.4150390625 0.6006944444444444 0.3876953125 0.5972222222222222 0.38671875 0.6302083333333334 0.388671875 0.6336805555555556
1 0.7626953125 0.7256944444444444 0.7734375 0.7482638888888888 0.7734375 0.7586805555555556 0.76953125 0.7725694444444444 0.7587890625 0.7916666666666666 0.74609375 0.8038194444444444 0.74609375 0.8211805555555556 0.75390625 0.8663194444444444 0.75390625 0.8802083333333334 0.7587890625 0.8958333333333334 0.7646484375 0.8958333333333334 0.7724609375 0.8888888888888888 0.7880859375 0.8854166666666666 0.7900390625 0.8819444444444444 0.8173828125 0.8784722222222222 0.822265625 0.8663194444444444 0.8291015625 0.8576388888888888 0.8447265625 0.8576388888888888 0.8466796875 0.8541666666666666 0.8642578125 0.8506944444444444 0.8662109375 0.8472222222222222 0.8779296875 0.84375 0.8818359375 0.8368055555555556 0.900390625 0.828125 0.900390625 0.7239583333333334 0.90234375 0.7204861111111112 0.90234375 0.6510416666666666 0.904296875 0.6475694444444444 0.904296875 0.5989583333333334 0.90625 0.5954861111111112 0.9013671875 0.5868055555555556 0.8955078125 0.5902777777777778 0.8779296875 0.5868055555555556 0.8759765625 0.5902777777777778 0.8505859375 0.59375 0.8447265625 0.5972222222222222 0.8408203125 0.6041666666666666 0.8291015625 0.6041666666666666 0.8212890625 0.5902777777777778 0.7958984375 0.6041666666666666 0.7607421875 0.6041666666666666 0.755859375 0.6197916666666666 0.75390625 0.6510416666666666 0.75 0.6684027777777778 0.74609375 0.7170138888888888 0.7626953125 0.7256944444444444
1 0.888671875 0.3420138888888889 0.888671875 0.359375 0.89453125 0.3732638888888889 0.900390625 0.3975694444444444 0.90234375 0.4322916666666667 0.896484375 0.4565972222222222 0.896484375 0.484375 0.8984375 0.4878472222222222 0.908203125 0.5677083333333334 0.9150390625 0.5694444444444444 0.9267578125 0.5625 0.9482421875 0.5625 0.953125 0.5503472222222222 0.9580078125 0.5451388888888888 0.9638671875 0.5486111111111112 0.9775390625 0.5486111111111112 0.9794921875 0.5451388888888888 0.9873046875 0.5451388888888888 0.9990234375 0.5381944444444444 1 0.3454861111111111 0.998046875 0.3420138888888889 0.998046875 0.328125 0.99609375 0.3246527777777778 0.9921875 0.2934027777777778 0.9892578125 0.2881944444444444 0.9794921875 0.2881944444444444 0.9736328125 0.28125 0.9599609375 0.28125 0.9580078125 0.2777777777777778 0.9423828125 0.28125 0.9345703125 0.2673611111111111 0.9228515625 0.2673611111111111 0.9208984375 0.2638888888888889 0.8935546875 0.2604166666666667 0.890625 0.2690972222222222 0.890625 0.3385416666666667 0.888671875 0.3420138888888889
1 0.90234375 0.7482638888888888 0.904296875 0.7517361111111112 0.9052734375 0.8263888888888888 0.9111328125 0.8263888888888888 0.9189453125 0.8194444444444444 0.9267578125 0.8194444444444444 0.9443359375 0.8090277777777778 0.9619140625 0.7916666666666666 0.9677734375 0.7986111111111112 0.9873046875 0.78125 0.9931640625 0.78125 1 0.7725694444444444 0.9990234375 0.5451388888888888 0.9892578125 0.5520833333333334 0.9736328125 0.5520833333333334 0.9658203125 0.5694444444444444 0.9345703125 0.5729166666666666 0.9228515625 0.5833333333333334 0.9111328125 0.5868055555555556 0.908203125 0.5954861111111112 0.90625 0.6440972222222222 0.904296875 0.6475694444444444 0.904296875 0.7413194444444444 0.90234375 0.7482638888888888