0 1 0.07561728333333333 0.9921875 0.0725308638888889 0.91666666640625 0.038580247222222225 0.7907986109375 0.016975308333333335 0.63020833359375 0.016975308333333335 0.47569444453125 0.026234568055555553 0.38194444453125 0.05401234583333333 0.21180555546875 0.12345679027777778 0.125 0.18672839444444445 0.019965278125 0.27160493888888887 0.019097221875 0.28858024722222225 0.006944444531250001 0.30401234583333336 0.004340278125 0.36728394999999997 0.0034722218749999997 0.5231481486111111 0 0.8024691361111111 0.0095486109375 0.8070987652777778 0.01649305546875 0.816358025 0.02430555546875 0.8441358027777778 0.027777778125000003 0.8703703708333332 0.19184027812499999 0.9398148152777778 0.35069444453125 0.976851851388889 0.47743055546875 0.9830246916666667 0.62413194453125 0.9722222222222222 0.715277778125 0.9552469138888889 0.809027778125 0.9166666666666666 0.94270833359375 0.8595679013888888 1 0.8194444444444444 1 0.09413580277777778 1 0.07561728333333333
1 0.9001736109375 0.46759259305555556 0.9765625 0.5185185180555555 0.980902778125 0.46604938333333334 0.980034721875 0.3317901236111111 0.8967013890625 0.3518518513888889 0.9001736109375 0.46759259305555556
1 0.365234375 0.6302083333333334 0.3681640625 0.6354166666666666 0.3916015625 0.6319444444444444 0.498046875 0.5954861111111112 0.5 0.5885416666666666 0.5 0.5086805555555556 0.4970703125 0.4513888888888889 0.3955078125 0.4166666666666667 0.3759765625 0.4166666666666667 0.365234375 0.4253472222222222 0.36328125 0.5607638888888888 0.365234375 0.6302083333333334
1 0.046875 0.6961805555555556 0.05078125 0.7309027777777778 0.0576171875 0.7361111111111112 0.1032986109375 0.7175925930555554 0.09765625 0.6197916666666666 0.09765625 0.6024305555555556 0.0595703125 0.5659722222222222 0.046875 0.5540123458333334 0.044921875 0.6614583333333334 0.046875 0.6961805555555556
1 0.015625 0.7621527777777778 0.0234375 0.8211805555555556 0.0537109375 0.8541666666666666 0.0654296875 0.8611111111111112 0.056640625 0.7447916666666666 0.047743055468750004 0.7145061722222222 0.0185546875 0.7361111111111112 0.015625 0.7413194444444444 0.015625 0.7621527777777778
1 0.44140625 0.7100694444444444 0.455078125 0.9114583333333334 0.45703125 0.9322916666666666 0.4599609375 0.9375 0.581597221875 0.9320987652777778 0.6376953125 0.9548611111111112 0.642578125 0.9496527777777778 0.6640625 0.8209876541666667 0.65364583359375 0.8024691361111111 0.652777778125 0.7885802472222222 0.650390625 0.7413194444444444 0.6474609375 0.7361111111111112 0.526909721875 0.6867283944444444 0.5263671875 0.6354166666666666 0.4443359375 0.6458333333333334 0.439453125 0.6545138888888888 0.44140625 0.7100694444444444
1 0.8818359375 0.8472222222222222 0.9013671875 0.8368055555555556 0.9619140625 0.7847222222222222 0.9970703125 0.7847222222222222 1 0.7795138888888888 0.9990234375 0.625 0.994140625 0.6302083333333334 0.982421875 0.6579861111111112 0.9677734375 0.6805555555555556 0.9658203125 0.6875 0.9541015625 0.6979166666666666 0.9482421875 0.6979166666666666 0.9384765625 0.7048611111111112 0.9228515625 0.7048611111111112 0.9208984375 0.7013888888888888 0.9072265625 0.7013888888888888 0.9052734375 0.6979166666666666 0.8896484375 0.6979166666666666 0.8837890625 0.7013888888888888 0.87890625 0.7100694444444444 0.8818359375 0.8472222222222222
1 0.26822916640625 0.7762345680555555 0.2751736109375 0.8024691361111111 0.2751736109375 0.8348765430555556 0.25520833359375 0.8472222222222222 0.2734375 0.9288194444444444 0.2861328125 0.9618055555555556 0.34027777812500004 0.9398148152777778 0.4462890625 0.9409722222222222 0.44921875 0.9357638888888888 0.4296875 0.6684027777777778 0.427734375 0.6475694444444444 0.4248046875 0.6423611111111112 0.30902777812500004 0.6574074069444444 0.2607421875 0.6284722222222222 0.2529296875 0.6284722222222222 0.25 0.6371527777777778 0.24609375 0.7517361111111112 0.26822916640625 0.7762345680555555
1 0.0564236109375 0.7391975305555556 0.06510416640625 0.8395061722222222 0.11979166640625001 0.8935185180555556 0.098090278125 0.7206790124999999 0.0564236109375 0.7391975305555556
1 0.10243055546874999 0.7114197527777778 0.105034721875 0.7376543208333334 0.112847221875 0.7700617277777777 0.1111111109375 0.8101851847222222 0.1154513890625 0.8626543208333334 0.12586805546875 0.8842592597222222 0.18489583359375 0.9027777777777778 0.24131944453125 0.9382716055555556 0.234375 0.8827160500000001 0.23958333359375 0.8271604944444445 0.230902778125 0.808641975 0.23263888906250002 0.7870370375 0.2265625 0.7746913583333334 0.22569444453125 0.7561728388888889 0.23177083359375 0.7453703708333332 0.21961805546875 0.7098765430555556 0.21006944453125 0.6527777777777778 0.21354166640625 0.6157407402777777 0.16493055546875 0.6435185180555555 0.10416666640625001 0.6450617277777777 0.10243055546874999 0.7114197527777778
1 0.68489583359375 0.6311728388888889 0.67447916640625 0.7098765430555556 0.7013888890625 0.7067901236111112 0.7126736109375 0.7299382722222223 0.71614583359375 0.773148148611111 0.698784721875 0.7962962958333334 0.6736111109375 0.8070987652777778 0.690972221875 0.9475308638888889 0.7734375 0.8996913583333334 0.8758680554687499 0.8703703708333332 0.8810763890625 0.7870370375 0.8741319445312501 0.7083333333333334 0.8819444445312501 0.7037037041666667 0.8810763890625 0.5570987652777778 0.77604166640625 0.5771604944444445 0.691840278125 0.5462962958333333 0.68489583359375 0.6311728388888889
1 0.1154513890625 0.2762345680555556 0.112847221875 0.32098765416666664 0.1154513890625 0.36728394999999997 0.11197916640625001 0.3888888888888889 0.11197916640625001 0.4398148152777778 0.11979166640625001 0.49691358055555557 0.18489583359375 0.4845679013888889 0.24305555546875 0.5077160500000001 0.24392361093749998 0.4398148152777778 0.25 0.3966049388888889 0.2560763890625 0.36728394999999997 0.237847221875 0.3611111111111111 0.23177083359375 0.3472222222222222 0.23177083359375 0.3179012347222222 0.23611111093749998 0.2932098763888889 0.2595486109375 0.27469135833333336 0.25 0.22685185138888891 0.24739583359375 0.15740740694444444 0.1875 0.20987654305555556 0.121527778125 0.24228395 0.1154513890625 0.2762345680555556
1 0.27430555546875 0.2345679013888889 0.28125 0.25 0.2829861109375 0.3070987652777778 0.2717013890625 0.3518518513888889 0.29774305546875 0.47530864166666664 0.35243055546875 0.42129629583333333 0.45833333359374995 0.39969135833333336 0.44965277812500004 0.1095679013888889 0.46006944453125 0.10648148194444446 0.46006944453125 0.09567901250000001 0.3498263890625 0.1404320986111111 0.2951388890625 0.12345679027777778 0.27430555546875 0.2345679013888889
1 0.4513888890625 0.11265432083333332 0.46006944453125 0.39969135833333336 0.46180555546875 0.4243827166666667 0.5954861109375 0.39506172777777776 0.66927083359375 0.42901234583333336 0.6892361109375 0.28240740694444444 0.68055555546875 0.2777777777777778 0.668402778125 0.24074074027777778 0.668402778125 0.19598765416666666 0.67881944453125 0.16820987638888887 0.6388888890625 0.04320987638888889 0.58072916640625 0.08179012361111111 0.4513888890625 0.11265432083333332
1 0.6796875 0.1620370375 0.703125 0.1759259263888889 0.71180555546875 0.20987654305555556 0.70225694453125 0.24228395 0.690972221875 0.2623456791666667 0.72395833359375 0.4027777777777778 0.77864583359375 0.3472222222222222 0.8767361109375 0.33641975277777775 0.86458333359375 0.20370370416666667 0.840277778125 0.07870370416666667 0.753472221875 0.08179012361111111 0.68836805546875 0.04629629583333334 0.6796875 0.1620370375
1 0.8828125 0.36728394999999997 0.894965278125 0.3626543208333333 0.8984375 0.35030864166666664 0.98177083359375 0.3302469138888889 0.984375 0.375 1 0.3888888888888889 0.9982638890625 0.2731481486111111 0.980034721875 0.23919753055555554 0.9774305554687499 0.2052469138888889 0.98958333359375 0.17901234583333334 0.9609375 0.08024691388888888 0.9279513890625 0.09413580277777778 0.84895833359375 0.07870370416666667 0.8828125 0.36728394999999997