0 1 0.07561728333333333 0.9921875 0.0725308638888889 0.88802083359375 0.04475308611111111 0.738715278125 0.027777777777777776 0.61979166640625 0.03086419722222222 0.484375 0.05401234583333333 0.33072916640625 0.10339506111111112 0.22048611093749998 0.1527777777777778 0.07638888906249999 0.2515432097222222 0.019097221875 0.28858024722222225 0.006944444531250001 0.30401234583333336 0.004340278125 0.36728394999999997 0.0034722218749999997 0.5231481486111111 0 0.8024691361111111 0.0095486109375 0.8070987652777778 0.01649305546875 0.816358025 0.02430555546875 0.8441358027777778 0.027777778125000003 0.8703703708333332 0.19184027812499999 0.9398148152777778 0.35069444453125 0.976851851388889 0.47743055546875 0.9830246916666667 0.62413194453125 0.9722222222222222 0.715277778125 0.9552469138888889 0.809027778125 0.9166666666666666 0.94270833359375 0.8595679013888888 1 0.8194444444444444 1 0.09413580277777778 1 0.07561728333333333
1 0.68359375 0.14756944444444445 0.681640625 0.15104166666666666 0.68359375 0.16493055555555555 0.6962890625 0.1736111111111111 0.7041015625 0.1840277777777778 0.7109375 0.2065972222222222 0.7109375 0.2309027777777778 0.705078125 0.2482638888888889 0.7021484375 0.25 0.69155092578125 0.2592592597222222 0.703125 0.3038194444444444 0.70703125 0.328125 0.716796875 0.359375 0.71875 0.3767361111111111 0.7255859375 0.3958333333333333 0.7373046875 0.3854166666666667 0.7412109375 0.3854166666666667 0.7490234375 0.375 0.7568359375 0.3715277777777778 0.7607421875 0.3645833333333333 0.7705078125 0.3576388888888889 0.7919921875 0.3402777777777778 0.8232421875 0.3402777777777778 0.8251953125 0.3368055555555556 0.8544921875 0.3368055555555556 0.8564453125 0.3333333333333333 0.875 0.3315972222222222 0.876953125 0.3246527777777778 0.875 0.3211805555555556 0.875 0.3038194444444444 0.8671875 0.2586805555555556 0.8671875 0.24131944444444445 0.859375 0.1996527777777778 0.859375 0.18229166666666666 0.857421875 0.17881944444444445 0.853515625 0.140625 0.84765625 0.10590277777777778 0.845703125 0.10243055555555555 0.845703125 0.0920138888888889 0.8408203125 0.0798611111111111 0.8369140625 0.0763888888888889 0.7626953125 0.0763888888888889 0.7548828125 0.0763888888888889 0.7412109375 0.06944444444444445 0.7119140625 0.059027777777777776 0.6962890625 0.04861111111111111 0.6884765625 0.04861111111111111 0.685546875 0.05381944444444445 0.68359375 0.08506944444444445 0.68359375 0.11631944444444445 0.68359375 0.14756944444444445
1 0.847222221875 0.07870370416666667 0.8585069445312501 0.1620370375 0.88020833359375 0.3626543208333333 0.894965278125 0.3611111111111111 0.8914930554687499 0.3487654319444444 0.9774305554687499 0.3317901236111111 0.9765625 0.37037037083333335 1 0.3888888888888889 0.9982638890625 0.2638888888888889 0.98958333359375 0.2515432097222222 0.9835069445312501 0.23765432083333332 0.980034721875 0.21604938333333332 0.980034721875 0.19753086388888888 0.98958333359375 0.18518518472222223 0.965277778125 0.07716049444444445 0.9296875 0.09722222222222222 0.847222221875 0.07870370416666667
1 0.11458333359374999 0.42592592638888893 0.11805555546874999 0.5 0.18489583359375 0.4830246916666667 0.24392361093749998 0.5 0.24305555546875 0.4691358027777778 0.245659721875 0.44135802500000004 0.246527778125 0.39969135833333336 0.25434027812500004 0.37037037083333335 0.24045138906250002 0.3611111111111111 0.23263888906250002 0.3456790125 0.23350694453125 0.31481481527777777 0.237847221875 0.2916666666666667 0.26041666640625 0.27469135833333336 0.25347222187499996 0.22839506111111113 0.245659721875 0.16049382777777776 0.18402777812499999 0.21141975277777775 0.12239583359374999 0.24691358055555557 0.11631944453125001 0.31327160555555555 0.11805555546874999 0.37191358055555557 0.11458333359374999 0.42592592638888893
1 0.9001736109375 0.46759259305555556 0.9765625 0.5185185180555555 0.980902778125 0.46604938333333334 0.980034721875 0.3317901236111111 0.8967013890625 0.3518518513888889 0.9001736109375 0.46759259305555556
1 0.36458333359375 0.6450617277777777 0.46961805546875 0.6033950611111111 0.50086805546875 0.5956790125 0.49652777812500004 0.47993827222222224 0.49739583359374995 0.45370370416666667 0.38541666640625 0.4182098763888889 0.3671875 0.4197530861111111 0.3654513890625 0.5370370375 0.36458333359375 0.6450617277777777
1 0.50260416640625 0.5972222222222222 0.47222222187499996 0.6049382722222223 0.48958333359374995 0.6682098763888888 0.62586805546875 0.6003086416666666 0.60416666640625 0.5061728388888889 0.5685763890625 0.3919753083333333 0.49913194453125 0.4737654319444444 0.50260416640625 0.5972222222222222
1 0.26996527812500004 0.2561728388888889 0.2795138890625 0.2669753083333333 0.2795138890625 0.29012345694444447 0.28038194453125 0.32870370416666667 0.27083333359375 0.3456790125 0.2951388890625 0.47685185138888886 0.35416666640625 0.4228395055555555 0.4670138890625 0.39814814861111114 0.4609375 0.09876543194444444 0.34114583359375 0.1388888888888889 0.29427083359375 0.12962962916666665 0.26996527812500004 0.2561728388888889
1 0.46788194453125 0.4012345680555556 0.61197916640625 0.37808641944444443 0.683159721875 0.4104938277777778 0.6970486109375 0.2638888888888889 0.6875 0.2546296291666667 0.676215278125 0.22685185138888891 0.6736111109375 0.16049382777777776 0.68489583359375 0.14197530833333333 0.6467013890625 0.02314814861111111 0.58680555546875 0.0725308638888889 0.45833333359374995 0.09413580277777778 0.46788194453125 0.4012345680555556
1 0.0295138890625 0.8287037041666666 0.06944444453125001 0.8410493833333333 0.06423611093750001 0.7438271611111111 0.02083333359375 0.6898148152777778 0.0295138890625 0.8287037041666666
1 0.0564236109375 0.5154320986111111 0.06423611093750001 0.5540123458333334 0.10850694453125001 0.5864197527777778 0.109375 0.3919753083333333 0.0564236109375 0.4398148152777778 0.0564236109375 0.5154320986111111
1 0.059027778125 0.32716049444444445 0.0564236109375 0.4382716055555556 0.11024305546874999 0.3904320986111111 0.11805555546874999 0.28549382777777776 0.06857638906249999 0.26080246944444446 0.059027778125 0.32716049444444445
1 0.19791666640625 0.9089506166666667 0.27777777812500004 0.8472222222222222 0.26128472187499996 0.7901234569444444 0.18055555546875 0.8580246916666667 0.19791666640625 0.9089506166666667