0 0.004340278125 0.32253086388888885 0 0.8009259263888888 0.012152778125 0.8009259263888888 0.02430555546875 0.8719135805555556 0.215277778125 0.9490740736111112 0.42708333359374995 0.9814814819444444 0.6310763890625 0.976851851388889 0.7751736109375 0.9351851847222222 0.88802083359375 0.8873456791666666 0.9748263890625 0.8395061722222222 1 0.8194444444444444 0.99739583359375 0.0725308638888889 0.8888888890625 0.032407406944444446 0.7986111109375 0.012345679166666668 0.72395833359375 0.016975308333333335 0.659722221875 0.016975308333333335 0.58680555546875 0.026234568055555553 0.543402778125 0.026234568055555553 0.4939236109375 0.038580247222222225 0.43836805546875 0.06172839444444444 0.34288194453125 0.08024691388888888 0.30902777812500004 0.09413580277777778 0.28559027812500004 0.09413580277777778 0.25260416640625 0.11419753055555557 0.19704861093749998 0.13734567916666668 0.15625 0.16512345694444444 0.13975694453125 0.18827160555555555 0.10069444453125001 0.21296296250000002 0.0625 0.22685185138888891 0.019965278125 0.27006172777777776 0.02256944453125 0.29629629583333333 0.0078125 0.3070987652777778 0.004340278125 0.32253086388888885
1 0.1154513890625 0.28240740694444444 0.1154513890625 0.32561728333333334 0.1154513890625 0.36882716111111113 0.1111111109375 0.39506172777777776 0.11024305546874999 0.45370370416666667 0.1154513890625 0.4984567902777778 0.17795138906250002 0.4830246916666667 0.21354166640625 0.49382716111111113 0.24479166640625 0.4984567902777778 0.24131944453125 0.46296296249999996 0.24739583359375 0.41512345694444447 0.2578125 0.36574074027777775 0.23697916640625 0.35648148194444446 0.230902778125 0.33487654305555553 0.230034721875 0.30864197499999996 0.238715278125 0.2916666666666667 0.2578125 0.27006172777777776 0.246527778125 0.2222222222222222 0.246527778125 0.16358024722222222 0.18663194453125 0.21450617222222224 0.12239583359374999 0.2438271611111111 0.1154513890625 0.28240740694444444
1 0.26996527812500004 0.25308641944444443 0.28211805546875 0.2638888888888889 0.28472222187499996 0.2932098763888889 0.2751736109375 0.33641975277777775 0.26996527812500004 0.35339506111111113 0.29600694453125 0.4722222222222222 0.35069444453125 0.4243827166666667 0.37152777812500004 0.4166666666666667 0.4626736109375 0.39814814861111114 0.44878472187499996 0.11265432083333332 0.45572916640625005 0.11419753055555557 0.45746527812500004 0.09876543194444444 0.34288194453125 0.1388888888888889 0.29340277812500004 0.12345679027777778 0.26996527812500004 0.25308641944444443
1 0.44791666640625005 0.10802469166666666 0.4609375 0.4197530861111111 0.60416666640625 0.4012345680555556 0.67100694453125 0.4320987652777778 0.68489583359375 0.2793209875 0.6701388890625 0.24845679027777778 0.6657986109375 0.21141975277777775 0.668402778125 0.17746913611111112 0.676215278125 0.17129629583333333 0.64322916640625 0.04320987638888889 0.58333333359375 0.08487654305555556 0.44791666640625005 0.10802469166666666
1 0.691840278125 0.17438271666666666 0.70572916640625 0.18672839444444445 0.71180555546875 0.21296296250000002 0.707465278125 0.24228395 0.6953125 0.2592592597222222 0.72395833359375 0.3966049388888889 0.78211805546875 0.3456790125 0.879340278125 0.3333333333333333 0.84375 0.07407407361111111 0.75520833359375 0.07870370416666667 0.68663194453125 0.041666666666666664 0.6814236109375 0.17438271666666666 0.691840278125 0.17438271666666666
1 0.8758680554687499 0.3611111111111111 0.894097221875 0.35648148194444446 0.894965278125 0.3441358027777778 0.9765625 0.3317901236111111 0.97916666640625 0.3734567902777778 1 0.38580246944444446 0.9991319445312501 0.27006172777777776 0.9921875 0.2623456791666667 0.9826388890625 0.24074074027777778 0.9826388890625 0.2222222222222222 0.984375 0.19753086388888888 0.98958333359375 0.17438271666666666 0.9618055554687499 0.08024691388888888 0.9279513890625 0.09722222222222222 0.8498263890625 0.07716049444444445 0.8758680554687499 0.3611111111111111
1 0.8975694445312501 0.3441358027777778 0.8975694445312501 0.46141975277777775 0.980034721875 0.5154320986111111 0.9765625 0.3302469138888889 0.8975694445312501 0.3441358027777778
1 0.36371527812500004 0.4861111111111111 0.3654513890625 0.6388888888888888 0.49913194453125 0.5956790125 0.49652777812500004 0.4506172833333333 0.38628472187499996 0.4182098763888889 0.36458333359375 0.42129629583333333 0.36371527812500004 0.4861111111111111
1 0.53211805546875 0.5987654319444444 0.5295138890625 0.683641975 0.6657986109375 0.7438271611111111 0.67274305546875 0.6466049388888889 0.67708333359375 0.5802469138888889 0.676215278125 0.5138888888888888 0.535590278125 0.5416666666666666 0.53211805546875 0.5987654319444444
1 0.8828125 0.8395061722222222 0.9600694445312501 0.8024691361111111 0.9939236109375 0.8117283944444444 1 0.7685185180555556 0.9991319445312501 0.4984567902777778 0.96875 0.5447530861111111 0.886284721875 0.558641975 0.8828125 0.8395061722222222
1 0.68663194453125 0.6172839499999999 0.675347221875 0.7098765430555556 0.71006944453125 0.7145061722222222 0.71180555546875 0.7577160500000001 0.703125 0.793209876388889 0.6736111109375 0.8101851847222222 0.69010416640625 0.9459876541666667 0.79427083359375 0.8873456791666666 0.8758680554687499 0.8672839499999999 0.8845486109375 0.7067901236111112 0.88020833359375 0.5570987652777778 0.78211805546875 0.5771604944444445 0.706597221875 0.5555555555555556 0.690972221875 0.5462962958333333 0.68663194453125 0.6172839499999999
1 0.4548611109375 0.9367283944444444 0.5842013890625 0.9305555555555556 0.6423611109375 0.9598765430555556 0.6623263890625 0.816358025 0.65104166640625 0.7962962958333334 0.64930555546875 0.7654320986111112 0.651909721875 0.7391975305555556 0.52864583359375 0.6867283944444444 0.53125 0.6358024694444444 0.43836805546875 0.6404320986111111 0.4548611109375 0.9367283944444444
1 0.24479166640625 0.7546296291666668 0.26649305546875 0.7669753083333333 0.2751736109375 0.7916666666666666 0.27864583359375 0.8225308638888889 0.265625 0.8425925930555554 0.2517361109375 0.8425925930555554 0.28645833359375 0.9675925930555554 0.34027777812500004 0.9398148152777778 0.39409722187499996 0.9444444444444444 0.44878472187499996 0.941358025 0.42621527812500004 0.6404320986111111 0.31336805546875 0.6558641972222222 0.24913194453125 0.6234567902777778 0.24479166640625 0.7546296291666668
1 0.1015625 0.7175925930555554 0.1154513890625 0.7685185180555556 0.113715278125 0.7978395055555555 0.113715278125 0.8425925930555554 0.12413194453125001 0.8811728388888889 0.17708333359375 0.8996913583333334 0.24131944453125 0.9367283944444444 0.23611111093749998 0.8966049388888889 0.23697916640625 0.831790123611111 0.22916666640625 0.8009259263888888 0.22743055546875 0.7793209875000001 0.22569444453125 0.7561728388888889 0.22916666640625 0.7438271611111111 0.21875 0.7052469138888889 0.21267361093749998 0.6682098763888888 0.21267361093749998 0.6404320986111111 0.21267361093749998 0.6172839499999999 0.16753472187500001 0.6419753083333333 0.105034721875 0.6450617277777777 0.1015625 0.7175925930555554
1 0.042534721875 0.6512345680555556 0.051215278125 0.7361111111111112 0.105034721875 0.7175925930555554 0.10069444453125001 0.6111111111111112 0.0486111109375 0.5555555555555556 0.042534721875 0.6512345680555556
1 0.02256944453125 0.8271604944444445 0.06770833359375 0.8688271611111111 0.05208333359375 0.7129629625 0.01475694453125 0.7407407402777778 0.02256944453125 0.8271604944444445
1 0.097222221875 0.7191358027777778 0.05381944453125 0.7376543208333334 0.06510416640625 0.8395061722222222 0.120659721875 0.8966049388888889 0.097222221875 0.7191358027777778