1 0.8819444445312501 0.3626543208333333 0.940972221875 0.3580246916666667 0.9765625 0.36882716111111113 1 0.3966049388888889 0.9991319445312501 0.27006172777777776 0.9826388890625 0.24691358055555557 0.9756944445312501 0.21759259305555553 0.9826388890625 0.19135802500000001 0.9904513890625 0.1759259263888889 0.96354166640625 0.07098765416666666 0.926215278125 0.09413580277777778 0.848090278125 0.07098765416666666 0.8819444445312501 0.3626543208333333
1 0.36284722187499996 0.6373456791666666 0.5 0.5925925930555556 0.4982638890625 0.4521604944444445 0.3923611109375 0.41512345694444447 0.36631944453125 0.4243827166666667 0.36371527812500004 0.5617283944444444 0.36284722187499996 0.6373456791666666
1 0.46006944453125 0.9351851847222222 0.56770833359375 0.9320987652777778 0.63802083359375 0.9552469138888889 0.66493055546875 0.8225308638888889 0.65364583359375 0.7916666666666666 0.651909721875 0.7391975305555556 0.5251736109375 0.6867283944444444 0.52864583359375 0.6358024694444444 0.4392361109375 0.6512345680555556 0.46006944453125 0.9351851847222222
1 0.24479166640625 0.7577160500000001 0.2578125 0.7592592597222222 0.27083333359375 0.7746913583333334 0.2751736109375 0.8040123458333333 0.26996527812500004 0.8348765430555556 0.25434027812500004 0.8441358027777778 0.2873263890625 0.9675925930555554 0.33680555546875 0.941358025 0.44878472187499996 0.9521604944444445 0.42534722187499996 0.6373456791666666 0.30989583359375 0.6558641972222222 0.25260416640625 0.6265432097222222 0.24479166640625 0.7577160500000001
1 0.676215278125 0.7067901236111112 0.69270833359375 0.7083333333333334 0.70572916640625 0.7253086416666666 0.71354166640625 0.7530864194444444 0.7048611109375 0.7901234569444444 0.69010416640625 0.808641975 0.6736111109375 0.8179012347222222 0.6935763890625 0.9459876541666667 0.77430555546875 0.8950617277777777 0.8741319445312501 0.8688271611111111 0.8819444445312501 0.7638888888888888 0.8836805554687499 0.5540123458333334 0.77430555546875 0.5817901236111112 0.691840278125 0.5524691361111111 0.676215278125 0.7067901236111112
1 0.046875 0.6961805555555556 0.05078125 0.734375 0.0595703125 0.7361111111111112 0.1032986109375 0.7145061722222222 0.09765625 0.6197916666666666 0.09765625 0.6024305555555556 0.0595703125 0.5659722222222222 0.0498046875 0.5590277777777778 0.046875 0.5607638888888888 0.044921875 0.5677083333333334 0.046875 0.6961805555555556
1 0.015625 0.7621527777777778 0.0234375 0.8211805555555556 0.0498046875 0.8506944444444444 0.0654296875 0.8611111111111112 0.06640625 0.8524305555555556 0.056640625 0.7447916666666666 0.048828125 0.7204861111111112 0.0439453125 0.71875 0.0185546875 0.7361111111111112 0.015625 0.7413194444444444 0.015625 0.7621527777777778
1 1 0.6614583333333334 0.9990234375 0.6597222222222222 0.9658203125 0.7083333333333334 0.9541015625 0.7152777777777778 0.9326171875 0.7152777777777778 0.9072265625 0.7013888888888888 0.9013671875 0.6944444444444444 0.8857421875 0.6979166666666666 0.8828125 0.703125 0.8828125 0.7552083333333334 0.880859375 0.7586805555555556 0.880859375 0.8142361111111112 0.87890625 0.8177083333333334 0.87890625 0.8350694444444444 0.8818359375 0.84375 0.8876953125 0.84375 0.8916015625 0.8368055555555556 0.9013671875 0.8368055555555556 0.9091796875 0.8298611111111112 0.9287109375 0.8229166666666666 0.9560546875 0.8055555555555556 0.9912109375 0.8159722222222222 0.99609375 0.8038194444444444 0.99609375 0.7934027777777778 1 0.7829861111111112 1 0.6614583333333334
1 0.10069444453125001 0.7160493833333333 0.0564236109375 0.7407407402777778 0.066840278125 0.8379629625 0.1171875 0.8904320986111112 0.10069444453125001 0.7160493833333333
1 0.10416666640625001 0.6898148152777778 0.105902778125 0.7391975305555556 0.112847221875 0.7669753083333333 0.11024305546874999 0.7993827166666667 0.113715278125 0.8410493833333333 0.12413194453125001 0.8811728388888889 0.17534722187500001 0.8950617277777777 0.24392361093749998 0.933641975 0.238715278125 0.9074074069444446 0.23611111093749998 0.8641975305555556 0.23958333359375 0.8348765430555556 0.230902778125 0.8256172833333333 0.22916666640625 0.8055555555555556 0.22829861093749998 0.7885802472222222 0.22569444453125 0.7716049388888889 0.22482638906250002 0.7546296291666668 0.23177083359375 0.7422839499999999 0.22135416640625 0.7083333333333334 0.2109375 0.6527777777777778 0.214409721875 0.6172839499999999 0.16753472187500001 0.6419753083333333 0.10416666640625001 0.6404320986111111 0.10416666640625001 0.6898148152777778
1 0.11631944453125001 0.3070987652777778 0.1154513890625 0.36574074027777775 0.1111111109375 0.4027777777777778 0.109375 0.45370370416666667 0.11458333359374999 0.5015432097222222 0.18402777812499999 0.48148148194444446 0.24392361093749998 0.5108024694444444 0.24479166640625 0.46141975277777775 0.24739583359375 0.42129629583333333 0.2578125 0.36574074027777775 0.24131944453125 0.3626543208333333 0.23263888906250002 0.3379629625 0.22916666640625 0.3055555555555556 0.237847221875 0.28858024722222225 0.26215277812500004 0.2777777777777778 0.25 0.21759259305555553 0.24913194453125 0.15432098749999998 0.18923611093749998 0.20833333333333334 0.12586805546875 0.25 0.11631944453125001 0.3070987652777778
1 0.2734375 0.25308641944444443 0.27604166640625 0.26080246944444446 0.28211805546875 0.2916666666666667 0.28211805546875 0.32253086388888885 0.2717013890625 0.3472222222222222 0.29600694453125 0.4722222222222222 0.34722222187499996 0.4228395055555555 0.46180555546875 0.40895061666666666 0.44791666640625005 0.1111111111111111 0.45746527812500004 0.11265432083333332 0.45746527812500004 0.09876543194444444 0.3454861109375 0.13734567916666668 0.29340277812500004 0.12191358055555555 0.2734375 0.25308641944444443
1 0.453125 0.1111111111111111 0.46440972187499996 0.4182098763888889 0.59895833359375 0.39814814861111114 0.671875 0.4320987652777778 0.68663194453125 0.28549382777777776 0.675347221875 0.26080246944444446 0.66493055546875 0.22376543194444443 0.6657986109375 0.18672839444444445 0.67447916640625 0.16820987638888887 0.676215278125 0.15740740694444444 0.64149305546875 0.04012345694444444 0.57725694453125 0.09104938333333333 0.453125 0.1111111111111111
1 0.68229166640625 0.16820987638888887 0.69010416640625 0.16820987638888887 0.707465278125 0.18364197499999999 0.71354166640625 0.21450617222222224 0.70833333359375 0.24537037083333332 0.69270833359375 0.2623456791666667 0.72395833359375 0.4012345680555556 0.7795138890625 0.34259259305555556 0.87760416640625 0.33641975277777775 0.8420138890625 0.0725308638888889 0.753472221875 0.07716049444444445 0.68836805546875 0.04629629583333334 0.68229166640625 0.16820987638888887
0 1 0.07716049444444445 0.92447916640625 0.04629629583333334 0.8350694445312501 0.02314814861111111 0.61197916640625 0.006172838888888889 0.53993055546875 0.004629629166666667 0.3810763890625 0.05092592638888888 0.27777777812500004 0.08333333333333333 0.206597221875 0.13425925972222222 0.1111111109375 0.19753086388888888 0.02083333359375 0.27469135833333336 0.0251736109375 0.29629629583333333 0.00868055546875 0.30401234583333336 0.0034722218749999997 0.41512345694444447 0.0008680554687499999 0.8024691361111111 0.019097221875 0.8194444444444444 0.03038194453125 0.8734567902777777 0.29253472187499996 0.9660493833333333 0.4045138890625 0.9799382722222223 0.535590278125 0.9876543208333334 0.74739583359375 0.9490740736111112 0.918402778125 0.875 1 0.8194444444444444 1 0.07716049444444445