0 0.0078125 0.3055555555555556 0.0017361109374999999 0.4706790125 0 0.8024691361111111 0.01475694453125 0.8055555555555556 0.0217013890625 0.8379629625 0.027777778125000003 0.8641975305555556 0.140625 0.9274691361111111 0.33246527812500004 0.9691358027777778 0.4609375 0.9799382722222223 0.57118055546875 0.9783950611111111 0.70225694453125 0.9614197527777778 0.78819444453125 0.9305555555555556 0.894965278125 0.8858024694444444 0.9826388890625 0.8410493833333333 0.9982638890625 0.8148148152777778 0.9991319445312501 0.05401234583333333 0.94270833359375 0.026234568055555553 0.88020833359375 0.0015432097222222222 0.8428819445312501 0 0.8689236109375 0.021604938888888887 0.84895833359375 0.01543209861111111 0.746527778125 0.0030864194444444443 0.63020833359375 0 0.559027778125 0.010802469444444443 0.49565972187499996 0.018518518055555554 0.45746527812500004 0.018518518055555554 0.4001736109375 0.0370370375 0.34809027812500004 0.06018518472222223 0.2734375 0.09413580277777778 0.20052083359375 0.12962962916666665 0.15190972187500001 0.16358024722222222 0.1154513890625 0.19444444444444445 0.0607638890625 0.2299382722222222 0.0217013890625 0.27006172777777776 0.02256944453125 0.29783950555555555 0.0078125 0.3055555555555556
1 0.042534721875 0.6450617277777777 0.049479166406250004 0.7453703708333332 0.1015625 0.7145061722222222 0.1015625 0.6080246916666667 0.044270833593749996 0.5493827166666667 0.042534721875 0.6450617277777777
1 0.098090278125 0.7160493833333333 0.0546875 0.7438271611111111 0.06163194453125 0.8271604944444445 0.11979166640625001 0.8996913583333334 0.098090278125 0.7160493833333333
1 0.1015625 0.7145061722222222 0.109375 0.75 0.1154513890625 0.7700617277777777 0.113715278125 0.8070987652777778 0.11631944453125001 0.8472222222222222 0.125 0.8842592597222222 0.17534722187500001 0.898148148611111 0.238715278125 0.9382716055555556 0.23350694453125 0.8703703708333332 0.23958333359375 0.8302469138888889 0.230902778125 0.8225308638888889 0.22829861093749998 0.7993827166666667 0.230902778125 0.7824074069444446 0.22569444453125 0.7654320986111112 0.230034721875 0.7484567902777777 0.215277778125 0.6851851847222222 0.21354166640625 0.6450617277777777 0.21701388906250002 0.6172839499999999 0.16579861093749998 0.6450617277777777 0.10416666640625001 0.6450617277777777 0.1015625 0.7145061722222222
1 0.18489583359375 0.4830246916666667 0.245659721875 0.5015432097222222 0.24131944453125 0.46604938333333334 0.246527778125 0.4027777777777778 0.2578125 0.36574074027777775 0.24739583359375 0.36882716111111113 0.23524305546875 0.35648148194444446 0.230034721875 0.33641975277777775 0.230034721875 0.31327160555555555 0.24305555546875 0.28549382777777776 0.26041666640625 0.2762345680555556 0.2560763890625 0.25771605 0.24739583359375 0.20833333333333334 0.24739583359375 0.1620370375 0.19097222187500001 0.21296296250000002 0.1232638890625 0.24691358055555557 0.113715278125 0.2777777777777778 0.113715278125 0.31481481527777777 0.11458333359374999 0.36574074027777775 0.1111111109375 0.40895061666666666 0.1111111109375 0.4506172833333333 0.1171875 0.49228394999999997 0.18489583359375 0.4830246916666667
1 0.27083333359375 0.24845679027777778 0.28038194453125 0.25308641944444443 0.28472222187499996 0.28395061666666666 0.2795138890625 0.3240740736111111 0.26996527812500004 0.3518518513888889 0.29774305546875 0.4737654319444444 0.35243055546875 0.42592592638888893 0.46006944453125 0.4012345680555556 0.4513888890625 0.11265432083333332 0.4609375 0.1111111111111111 0.46006944453125 0.10030864166666667 0.3498263890625 0.1388888888888889 0.29427083359375 0.12808641944444446 0.27083333359375 0.24845679027777778
1 0.453125 0.11419753055555557 0.46354166640625005 0.42129629583333333 0.60243055546875 0.39969135833333336 0.6701388890625 0.4367283944444444 0.68663194453125 0.2777777777777778 0.6701388890625 0.25308641944444443 0.6640625 0.20679012361111113 0.6701388890625 0.16975308611111112 0.676215278125 0.16975308611111112 0.64149305546875 0.04629629583333334 0.58072916640625 0.0879629625 0.453125 0.11419753055555557
1 0.68229166640625 0.16820987638888887 0.6953125 0.17129629583333333 0.706597221875 0.18518518472222223 0.71354166640625 0.21141975277777775 0.707465278125 0.24074074027777778 0.690972221875 0.2638888888888889 0.72569444453125 0.39969135833333336 0.7829861109375 0.3379629625 0.878472221875 0.3333333333333333 0.8454861109375 0.07561728333333333 0.75520833359375 0.08179012361111111 0.6875 0.041666666666666664 0.68229166640625 0.16820987638888887
1 0.8602430554687499 0.18827160555555555 0.879340278125 0.36419753055555554 0.894965278125 0.3611111111111111 0.894965278125 0.3487654319444444 0.9782986109375 0.3302469138888889 0.9782986109375 0.375 1 0.38580246944444446 0.9982638890625 0.27469135833333336 0.98177083359375 0.2546296291666667 0.9774305554687499 0.2222222222222222 0.97916666640625 0.19907407361111112 0.9904513890625 0.18827160555555555 0.9618055554687499 0.07561728333333333 0.92708333359375 0.09413580277777778 0.848090278125 0.07561728333333333 0.8602430554687499 0.18827160555555555
1 0.98177083359375 0.32716049444444445 0.894965278125 0.3441358027777778 0.8993055554687499 0.45370370416666667 0.9123263890625 0.4722222222222222 0.980034721875 0.5154320986111111 0.98177083359375 0.32716049444444445
1 0.4982638890625 0.45370370416666667 0.3732638890625 0.41203703750000004 0.36458333359375 0.4197530861111111 0.3654513890625 0.6342592597222223 0.50086805546875 0.5972222222222222 0.4982638890625 0.45370370416666667
1 0.245659721875 0.7577160500000001 0.25694444453125 0.7608024694444444 0.27083333359375 0.7716049388888889 0.27430555546875 0.8055555555555556 0.26822916640625 0.8333333333333334 0.25347222187499996 0.8425925930555554 0.28645833359375 0.9675925930555554 0.328125 0.9552469138888889 0.33854166640625 0.9320987652777778 0.40190972187499996 0.9475308638888889 0.44965277812500004 0.9398148152777778 0.4453125 0.8919753083333333 0.42881944453125 0.6404320986111111 0.31510416640625 0.6589506166666667 0.25086805546875 0.6234567902777778 0.245659721875 0.7577160500000001
1 0.4548611109375 0.9398148152777778 0.578125 0.9305555555555556 0.64322916640625 0.9645061722222222 0.6657986109375 0.8132716055555556 0.65625 0.8009259263888888 0.64930555546875 0.7716049388888889 0.652777778125 0.7407407402777778 0.53038194453125 0.6805555555555556 0.53211805546875 0.6327160500000001 0.44270833359374995 0.6419753083333333 0.4548611109375 0.9398148152777778
1 0.5295138890625 0.6203703708333334 0.53211805546875 0.6805555555555556 0.6657986109375 0.75 0.66927083359375 0.7083333333333334 0.6736111109375 0.6574074069444444 0.6736111109375 0.5787037041666667 0.67881944453125 0.5154320986111111 0.535590278125 0.5354938277777778 0.5295138890625 0.6203703708333334
1 0.6892361109375 0.5956790125 0.676215278125 0.7114197527777778 0.70052083359375 0.7052469138888889 0.71614583359375 0.7206790124999999 0.72135416640625 0.7391975305555556 0.71354166640625 0.773148148611111 0.69618055546875 0.7993827166666667 0.676215278125 0.8070987652777778 0.699652778125 0.9475308638888889 0.765625 0.9212962958333334 0.816840278125 0.8873456791666666 0.878472221875 0.8595679013888888 0.8828125 0.8040123458333333 0.887152778125 0.6697530861111111 0.8828125 0.5509259263888889 0.7717013890625 0.5709876541666666 0.6935763890625 0.5339506166666667 0.6892361109375 0.5956790125
1 0.92708333359375 0.5833333333333334 0.94010416640625 0.6481481486111111 0.941840278125 0.6882716055555556 0.9444444445312501 0.7700617277777777 0.9383680554687499 0.8379629625 0.9375 0.8796296291666668 0.984375 0.8456790124999999 0.987847221875 0.8225308638888889 0.97916666640625 0.7469135805555556 0.98177083359375 0.6419753083333333 0.9904513890625 0.5648148152777778 0.9921875 0.5509259263888889 0.988715278125 0.5509259263888889 0.97916666640625 0.5478395055555555 0.973090278125 0.5293209875 0.92708333359375 0.5833333333333334