0 1 0.07561728333333333 0.9921875 0.0725308638888889 0.9210069445312501 0.058641975000000006 0.8064236109375 0.03395061666666667 0.651909721875 0.03086419722222222 0.546875 0.041666666666666664 0.41840277812500004 0.07561728333333333 0.2578125 0.13425925972222222 0.14149305546875 0.20370370416666667 0.019097221875 0.28858024722222225 0.006944444531250001 0.30401234583333336 0.004340278125 0.36728394999999997 0.0034722218749999997 0.5231481486111111 0 0.8024691361111111 0.0095486109375 0.8070987652777778 0.01649305546875 0.816358025 0.02430555546875 0.8441358027777778 0.027777778125000003 0.8703703708333332 0.19184027812499999 0.9398148152777778 0.35069444453125 0.976851851388889 0.47743055546875 0.9830246916666667 0.62413194453125 0.9722222222222222 0.715277778125 0.9552469138888889 0.809027778125 0.9166666666666666 0.94270833359375 0.8595679013888888 1 0.8194444444444444 1 0.09413580277777778 1 0.07561728333333333
1 0.365234375 0.6302083333333334 0.3681640625 0.6354166666666666 0.3916015625 0.6319444444444444 0.498046875 0.5954861111111112 0.5 0.5885416666666666 0.5 0.5086805555555556 0.4970703125 0.4513888888888889 0.3955078125 0.4166666666666667 0.3759765625 0.4166666666666667 0.365234375 0.4253472222222222 0.36328125 0.5607638888888888 0.365234375 0.6302083333333334
1 0.11805555546874999 0.2762345680555556 0.1154513890625 0.32253086388888885 0.1154513890625 0.36728394999999997 0.11631944453125001 0.3919753083333333 0.1154513890625 0.44135802500000004 0.11979166640625001 0.49691358055555557 0.18489583359375 0.4845679013888889 0.24305555546875 0.5077160500000001 0.24392361093749998 0.4398148152777778 0.25 0.3966049388888889 0.2560763890625 0.36728394999999997 0.237847221875 0.3611111111111111 0.23177083359375 0.3472222222222222 0.23177083359375 0.3179012347222222 0.23611111093749998 0.2932098763888889 0.2595486109375 0.27469135833333336 0.25 0.22685185138888891 0.24739583359375 0.15740740694444444 0.1875 0.20987654305555556 0.121527778125 0.24228395 0.11805555546874999 0.2762345680555556
1 0.27430555546875 0.2345679013888889 0.28125 0.25 0.2829861109375 0.3070987652777778 0.2717013890625 0.3518518513888889 0.29774305546875 0.47530864166666664 0.35243055546875 0.42129629583333333 0.46875 0.39814814861111114 0.46006944453125 0.10648148194444446 0.46006944453125 0.09567901250000001 0.3498263890625 0.1404320986111111 0.2951388890625 0.12345679027777778 0.27430555546875 0.2345679013888889
1 0.4592013890625 0.09567901250000001 0.46788194453125 0.38271605000000003 0.46961805546875 0.40740740694444444 0.6032986109375 0.37808641944444443 0.684027778125 0.4166666666666667 0.6935763890625 0.3055555555555556 0.69618055546875 0.2654320986111111 0.676215278125 0.22376543194444443 0.676215278125 0.17901234583333334 0.68663194453125 0.15123456805555557 0.6467013890625 0.026234568055555553 0.58854166640625 0.06481481527777777 0.4592013890625 0.09567901250000001
1 0.6814236109375 0.1620370375 0.7048611109375 0.1759259263888889 0.71354166640625 0.20987654305555556 0.70399305546875 0.24228395 0.69270833359375 0.2623456791666667 0.72569444453125 0.4027777777777778 0.78038194453125 0.3472222222222222 0.878472221875 0.33641975277777775 0.8663194445312501 0.20370370416666667 0.8420138890625 0.07870370416666667 0.75868055546875 0.07561728333333333 0.683159721875 0.041666666666666664 0.6814236109375 0.1620370375
1 0.8828125 0.36728394999999997 0.894965278125 0.3626543208333333 0.95833333359375 0.35493827222222224 0.984375 0.375 1 0.3888888888888889 0.9982638890625 0.2731481486111111 0.980034721875 0.23919753055555554 0.9774305554687499 0.2052469138888889 0.98958333359375 0.17901234583333334 0.9609375 0.08024691388888888 0.9279513890625 0.09413580277777778 0.84895833359375 0.07870370416666667 0.8828125 0.36728394999999997
1 0.05555555546875 0.4444444444444444 0.1111111109375 0.3873456791666667 0.11805555546874999 0.2808641972222222 0.06944444453125001 0.2592592597222222 0.05555555546875 0.4444444444444444
1 0.11197916640625001 0.5910493833333333 0.11197916640625001 0.3904320986111111 0.058159721875 0.4398148152777778 0.05729166640625 0.5416666666666666 0.11197916640625001 0.5910493833333333
1 0.02430555546875 0.8256172833333333 0.06944444453125001 0.831790123611111 0.065972221875 0.7391975305555556 0.0217013890625 0.6851851847222222 0.02430555546875 0.8256172833333333
1 0.1953125 0.9089506166666667 0.2795138890625 0.8441358027777778 0.26041666640625 0.7808641972222222 0.17881944453125 0.8564814819444444 0.1953125 0.9089506166666667