1 0.1956845234375 0.7645502638888888 0.203125 0.7870370375 0.20833333359375 0.8108465611111111 0.20833333359375 0.8465608472222222 0.20386904765625 0.8611111111111112 0.21651785703124998 0.9166666666666666 0.234375 0.9642857138888888 0.25223214296875 0.9523809527777778 0.27529761875 0.9550264555555555 0.28720238125 0.9682539680555556 0.2894345234375 0.9828042333333333 0.39285714296875 0.9801587305555556 0.38020833359375 0.6772486777777778 0.2730654765625 0.6547619041666667 0.26934523828125 0.6706349208333333 0.2581845234375 0.6851851847222222 0.23958333359375 0.6825396819444444 0.215773809375 0.6613756611111111 0.20238095234375 0.7142857138888888 0.1956845234375 0.7645502638888888
1 0.37946428593750003 0.6759259263888889 0.38988095234375 0.9378306875000001 0.418898809375 0.924603175 0.43229166640625005 0.9285714291666666 0.44345238125 0.936507936111111 0.44866071406249997 0.9563492069444444 0.5632440476562499 0.9285714291666666 0.55282738125 0.6071428569444445 0.43080357109375 0.6005290999999999 0.42708333359374995 0.6164021166666667 0.41592261875 0.6362433861111111 0.38541666640625 0.6309523805555556 0.36309523828125 0.6164021166666667 0.34747023828125 0.6679894180555556 0.37946428593750003 0.6759259263888889
1 0.74330357109375 0.6719576722222222 0.8675595234375001 0.6164021166666667 0.86532738125 0.49470899444444444 0.73660714296875 0.5026455027777778 0.66592261875 0.474867725 0.66517857109375 0.5119047625 0.65848214296875 0.5330687833333333 0.6488095234375 0.5476190472222222 0.55877976171875 0.6031746027777778 0.5796130953125 0.7645502638888888 0.74330357109375 0.6719576722222222
1 0.59002976171875 0.4761904763888889 0.75595238125 0.47354497361111114 0.799851190625 0.49206349166666663 0.8050595234375001 0.44708994722222223 0.81845238125 0.4298941805555556 0.86904761875 0.39682539722222226 0.8511904765624999 0.27645502638888886 0.7180059523437501 0.3174603180555555 0.58333333359375 0.3399470902777778 0.59002976171875 0.4761904763888889
1 1 0.3214285708333333 0.9799107140625001 0.3174603180555555 0.9761904765624999 0.29629629583333333 0.8668154765624999 0.30820105833333333 0.87425595234375 0.41534391527777775 0.9464285710937499 0.4100529097222222 1 0.41534391527777775 1 0.3214285708333333
1 1 0.42195767222222225 0.9486607140625001 0.42063492083333337 0.9077380953124999 0.4140211638888889 0.8660714289062501 0.4285714291666667 0.86979166640625 0.5330687833333333 0.875 0.5436507930555555 0.9174107140625001 0.5396825402777778 0.92782738125 0.5582010583333333 1 0.5185185180555555 1 0.42195767222222225
1 0.41741071406249997 0.6203703708333334 0.42261904765624997 0.5952380958333333 0.43973214296874996 0.5886243388888889 0.45833333359374995 0.5886243388888889 0.48511904765624997 0.6031746027777778 0.4985119046875 0.5661375666666667 0.50520833359375 0.5343915347222222 0.51190476171875 0.48677248611111107 0.5014880953125 0.47089947083333333 0.49925595234375003 0.41534391527777775 0.5014880953125 0.3875661375 0.50967261875 0.37962962916666665 0.48809523828124995 0.3095238097222222 0.46949404765624997 0.2738095236111111 0.44122023828124995 0.2989417986111111 0.424851190625 0.30687830694444446 0.40997023828124995 0.30026454999999996 0.403273809375 0.28042328055555554 0.299851190625 0.32275132222222225 0.29910714296875 0.46560846527777777 0.30654761875 0.6097883597222222 0.41741071406249997 0.6203703708333334
1 0.13988095234375 0.6164021166666667 0.22098214296875002 0.6283068777777777 0.221726190625 0.6097883597222222 0.23065476171875 0.6005290999999999 0.24627976171875 0.6005290999999999 0.26636904765625 0.6071428569444445 0.2730654765625 0.6203703708333334 0.28645833359375 0.5806878305555555 0.299851190625 0.5052910055555556 0.2797619046875 0.49338624305555556 0.27008928593750003 0.4682539680555555 0.27008928593750003 0.44179894166666667 0.278273809375 0.42592592638888893 0.2894345234375 0.4087301583333333 0.2983630953125 0.4060846555555555 0.28348214296875 0.3492063486111111 0.26636904765625 0.3055555555555556 0.24627976171875 0.33068783055555556 0.2328869046875 0.3373015875 0.21800595234375 0.33201058194444444 0.215773809375 0.31613756666666665 0.13616071406250002 0.35846560833333335 0.13541666640625 0.48677248611111107 0.13988095234375 0.6164021166666667
1 0.043154761718750004 0.5568783069444444 0.11830357109375 0.6018518513888889 0.12946428593749998 0.5489417986111111 0.13392857109375 0.5132275138888889 0.13541666640625 0.4722222222222222 0.12946428593749998 0.424603175 0.11904761875 0.37301587361111116 0.041666666406250004 0.4484126986111111 0.043154761718750004 0.5568783069444444
1 0.04464285703125 0.6335978833333333 0.04761904765625 0.6812169305555555 0.05729166640625 0.7354497361111112 0.05729166640625 0.7658730152777778 0.14285714296875002 0.7420634916666666 0.13690476171875 0.6031746027777778 0.05208333359375 0.5621693125 0.04464285703125 0.6335978833333333
1 0.2388392859375 0.20634920694444445 0.24925595234375 0.2605820111111111 0.24479166640625 0.30026454999999996 0.26934523828125 0.30423280416666665 0.3043154765625 0.30291005277777777 0.32366071406249997 0.28306878333333335 0.33407738125 0.25661375694444444 0.34375 0.2513227513888889 0.3578869046875 0.275132275 0.37425595234375 0.28306878333333335 0.39657738125 0.27910052916666667 0.44791666640625005 0.25 0.44419642890625 0.21031745972222224 0.45238095234375003 0.14947090000000002 0.45089285703125004 0.08068783055555556 0.3110119046875 0.11640211666666667 0.23809523828125 0.14285714305555555 0.2388392859375 0.20634920694444445
1 0.11532738125 0.7896825402777777 0.127976190625 0.898148148611111 0.1235119046875 0.9060846555555555 0.17410714296875002 0.9537037041666666 0.1644345234375 0.9312169305555555 0.17708333359375 0.9285714291666666 0.16220238125 0.7777777777777778 0.14732142890625 0.7658730152777778 0.1488095234375 0.7433862430555556 0.11309523828125001 0.776455026388889 0.11532738125 0.7896825402777777
0 1 0.2275132277777778 0.98958333359375 0.14682539722222224 0.82291666640625 0.08465608472222222 0.82738095234375 0.125661375 0.69270833359375 0.05820105833333333 0.67708333359375 0.05820105833333333 0.5200892859375 0.11904761944444445 0.50595238125 0.14550264583333333 0.4925595234375 0.15873015833333334 0.47470238125 0.16005290972222222 0.45982142890625 0.1507936513888889 0.45089285703125004 0.1269841263888889 0.45386904765624997 0.10846560833333332 0.46205357109375 0.09259259305555556 0.47247023828124995 0.08333333333333333 0.47247023828124995 0.07010581944444445 0.45758928593750003 0.06613756666666666 0.45386904765624997 0.07671957638888889 0.44717261875 0.08201058194444444 0.231398809375 0.14417989444444443 0.22767857109374998 0.19444444444444445 0.2328869046875 0.2380952375 0.237351190625 0.3095238097222222 0.127976190625 0.34391534444444444 0.07738095234375 0.3677248680555556 0.056547618749999994 0.35846560833333335 0.053571428906249996 0.37566137499999996 0.0639880953125 0.39153439166666665 0.06101190468749999 0.4060846555555555 0.0357142859375 0.4378306875 0.041666666406250004 0.6706349208333333 0.046875 0.7420634916666666 0.05729166640625 0.8306878305555555 0.07217261875 0.8531746027777778 0.0825892859375 0.8452380958333333 0.07738095234375 0.8174603180555555 0.0825892859375 0.776455026388889 0.0922619046875 0.7658730152777778 0.10491071406250001 0.775132275 0.11607142890625 0.7923280416666666 0.12872023828125 0.8994709000000001 0.12202380937499999 0.9100529097222223 0.17633928593749998 0.9550264555555555 0.16592261875 0.9325396819444445 0.18229166640625 0.9259259263888888 0.1949404765625 0.9616402111111111 0.26041666640625 0.9708994708333334 0.2827380953125 0.9642857138888888 0.2894345234375 0.9880952375000001 0.4456845234375 0.9828042333333333 0.45386904765624997 0.9722222222222222 0.581101190625 0.9325396819444445 0.60267857109375 0.9404761902777778 0.66517857109375 0.9272486777777778 0.6726190476562499 0.9272486777777778 0.86309523828125 0.8465608472222222 0.8668154765624999 0.8373015874999999 0.8988095234375001 0.825396825 0.97247023828125 0.7605820111111111 0.98065476171875 0.776455026388889 1 0.7539682541666666 1 0.2275132277777778